404 0
0 0
0 0
0 0
557 0
0 0
0 0
712 0
0 0
0 0
864 0
0 0
0 0
1017 0
0 0
2818 0
557 0
11411 0
11411 0
15178 0
11564 0
11564 0
11564 0
11564 0
15479 0
11714 0
11714 0
11714 0
11714 0
11714 0
15781 0
11872 0
11872 0
11872 0
11872 0
11872 0
16079 0
12016 0
12016 0
12016 0
12016 0
16376 0
2 0
2 0
2 0
2 0
16674 0
12317 0
12317 0
12317 0
12317 0
16974 0
12469 0
12469 0
12469 0
17133 0
12620 0
19042 0
13371 0
13371 0
19192 0
14090 0
14090 0
19340 0
14868 0
59054 0
56774 0
82976 0
80688 0
129661 0
127368 0
148756 0
146483 0
251939 0
249503 0
249503 0
249503 0
252106 0
249658 0
249658 0
252263 0
249812 0
249812 0
252419 0
249976 0
249976 0
252573 0
250123 0
264652 0
262348 0
264801 0
262492 0
413295 0
410974 0
539693 0
2 0
581174 0
578942 0
578942 0
581329 0
578951 0
589140 0
586957 0
591055 0
588867 0
692325 0
690123 0
714202 0
711950 0
727688 0
725427 0
757878 0
760411 0
758045 0
758045 0
760570 0
758202 0
760729 0
758346 0
758346 0
760886 0
758512 0
758512 0
761044 0
758669 0
758669 0
761202 0
758831 0
798131 0
800572 0
798284 0
798284 0
800725 0
2 0
