0 0
0 0
0 0
0 0
0 0
0 0
0 0
0 0
0 0
1 0
2 0
3 0
4 0
5 0
6 0
7 0
7 0
7 0
7 0
11 0
24 0
50 0
86 0
122 0
150 0
166 0
172 0
172 0
172 0
172 0
174 0
176 0
178 0
181 0
184 0
187 0
190 0
192 0
194 0
194 0
193 0
192 0
191 0
190 0
189 0
188 0
188 0
188 0
188 0
184 0
171 0
145 0
109 0
73 0
45 0
29 0
23 0
23 0
23 0
23 0
21 0
19 0
17 0
14 0
11 0
8 0
5 0
3 0
1 0
0 0
0 0
0 0
0 0
0 0
0 0
0 0
0 0
0 0
0 0
0 0
0 0
0 0
0 0
0 0
0 0
0 0
0 0
0 0
0 0
0 0
0 0
0 0
0 0
0 0
0 0
0 0
0 0
0 0
0 0
0 0
0 0
0 0
0 0
0 0
0 0
0 0
0 0
0 0
0 0
0 0
0 0
0 0
0 0
0 0
1 0
3 0
6 0
12 0
21 0
35 0
55 0
81 0
111 0
143 0
173 0
197 0
213 0
218 0
218 0
228 0
281 0
413 0
665 0
1046 0
1534 0
2071 0
2559 0
2905 0
3077 0
3113 0
3115 0
3191 0
3399 0
3725 0
4091 0
4429 0
4696 0
4877 0
4984 0
5037 0
5053 0
5046 0
5024 0
4994 0
4964 0
4940 0
4924 0
4921 0
4925 0
4922 0
4878 153
4755 153
4511 153
4136 153
3652 153
3118 153
2632 153
2287 153
2115 153
2079 153
2077 153
2001 153
1793 153
1467 153
1100 153
760 153
491 153
306 153
191 153
125 153
89 153
70 153
62 153
60 153
60 153
60 153
60 153
58 153
54 153
47 153
38 153
29 153
21 153
15 153
11 153
8 153
6 153
5 153
5 153
5 153
5 153
5 153
5 153
5 153
5 153
5 153
4 153
2 153
1 153
0 153
0 153
0 153
0 153
0 153
0 153
0 153
0 153
0 153
0 153
0 153
0 153
0 153
0 153
0 153
0 153
0 153
0 153
0 153
0 153
0 153
0 153
0 153
0 153
0 153
0 153
0 153
0 153
0 153
0 153
0 153
0 153
0 153
0 153
0 153
0 153
0 153
0 153
0 153
0 153
0 153
0 153
0 153
0 153
0 153
0 153
0 153
0 153
0 153
0 153
0 153
0 153
0 153
0 153
0 153
0 153
0 153
0 153
0 153
0 153
0 153
0 153
0 153
0 153
1 153
3 153
7 153
14 153
26 153
43 153
65 153
91 153
121 153
151 153
177 153
197 153
206 153
207 153
210 153
242 153
339 153
541 153
874 153
1322 153
1834 153
2330 153
2726 153
2961 153
3044 153
3048 153
3070 153
3190 153
3425 153
3732 153
4051 153
4319 153
4517 153
4650 153
4728 153
4764 153
4774 153
4765 153
4742 283
4714 283
4688 283
4668 283
4662 283
4667 283
4673 283
4651 283
4564 283
4371 283
4045 283
3601 283
3092 283
2598 283
2203 283
1968 283
1885 283
1881 283
1859 283
1739 283
1504 283
1197 283
877 283
607 283
405 283
265 283
175 283
122 283
90 283
73 283
66 283
64 283
64 283
64 283
61 283
55 283
46 283
36 283
26 283
17 283
10 283
6 283
3 283
1 283
0 283
0 283
0 283
0 283
0 283
0 283
0 283
0 283
0 283
0 283
0 283
0 283
0 283
0 283
0 283
0 283
0 283
0 283
0 283
0 283
0 283
0 283
0 283
0 283
0 283
0 283
0 283
0 283
0 283
0 283
0 283
0 283
0 283
0 283
0 283
0 283
0 283
0 283
0 283
0 283
0 283
0 283
0 283
0 283
0 283
0 283
0 283
0 283
0 283
0 283
0 283
0 283
0 283
0 283
0 283
0 283
0 283
0 283
0 283
0 283
0 283
0 283
0 283
0 283
0 283
0 283
0 283
0 283
0 283
0 283
1 283
2 283
3 283
4 283
6 283
8 283
10 283
14 283
20 283
30 283
44 283
64 283
88 283
116 283
144 283
170 283
190 283
202 283
204 283
205 283
227 283
307 283
484 283
784 283
1202 283
1698 283
2202 283
2627 283
2909 283
3029 283
3045 283
3052 283
3141 283
3353 283
3664 283
4015 283
4339 283
4599 283
4785 283
4907 283
4976 283
5006 283
5008 283
4989 283
4962 404
4936 404
4919 404
4915 404
4926 404
4941 404
4936 404
4870 404
4705 404
4413 404
4001 404
3509 404
3007 404
2583 404
2301 404
2181 404
2164 404
2156 404
2066 404
1853 404
1540 404
1187 404
861 404
597 404
405 404
273 404
190 404
140 404
114 404
105 404
104 404
104 404
101 404
93 404
80 404
64 404
47 404
33 404
21 404
13 404
7 404
3 404
1 404
0 404
0 404
0 404
0 404
0 404
0 404
0 404
0 404
0 404
0 404
0 404
0 404
0 404
0 404
0 404
0 404
0 404
0 404
0 404
0 404
0 404
0 404
0 404
0 404
0 404
0 404
0 404
0 404
0 404
0 404
0 404
0 404
0 404
0 404
0 404
0 404
0 404
0 404
0 404
0 404
0 404
0 404
0 404
0 404
0 404
0 404
0 404
0 404
0 404
0 404
0 404
0 404
0 404
0 404
0 404
0 404
0 404
0 404
0 404
0 404
0 404
0 404
0 404
0 404
0 404
0 404
0 404
0 404
0 404
0 404
0 404
0 404
0 404
0 404
1 404
2 404
3 404
5 404
9 404
16 404
28 404
44 404
66 404
92 404
122 404
154 404
184 404
208 404
222 404
224 404
225 404
247 404
330 404
512 404
832 404
1280 404
1817 404
2363 404
2827 404
3134 404
3270 404
3290 404
3299 404
3403 404
3654 404
4020 404
4422 404
4787 404
5065 404
5245 404
5345 404
5387 404
5393 404
5377 404
5350 522
5318 522
5288 522
5264 522
5252 522
5254 522
5259 522
5244 522
5169 522
4994 522
4680 522
4236 522
3702 522
3158 522
2695 522
2388 522
2252 522
2232 522
2223 522
2119 522
1867 522
1500 522
1097 522
730 522
448 522
261 522
149 522
91 522
63 522
53 522
50 522
50 522
50 522
50 522
48 522
44 522
38 522
31 522
23 522
16 522
10 522
6 522
3 522
1 522
0 522
0 522
0 522
0 522
0 522
0 522
0 522
0 522
0 522
0 522
0 522
0 522
0 522
0 522
0 522
0 522
0 522
0 522
0 522
0 522
0 522
0 522
0 522
0 522
0 522
0 522
0 522
0 522
0 522
0 522
0 522
0 522
0 522
0 522
0 522
0 522
0 522
0 522
0 522
0 522
0 522
0 522
0 522
0 522
0 522
0 522
0 522
0 522
0 522
0 522
0 522
0 522
0 522
0 522
0 522
0 522
0 522
0 522
0 522
0 522
0 522
0 522
0 522
0 522
0 522
0 522
0 522
0 522
0 522
0 522
0 522
0 522
0 522
0 522
0 522
1 522
3 522
7 522
13 522
23 522
37 522
57 522
83 522
113 522
145 522
177 522
205 522
224 522
231 522
231 522
240 522
290 522
422 522
668 522
1035 522
1499 522
1995 522
2459 522
2799 522
2986 522
3039 522
3039 522
3079 522
3228 522
3486 522
3805 522
4123 522
4395 522
4597 522
4727 522
4803 522
4836 522
4838 522
4821 522
4793 607
4761 607
4733 607
4716 607
4714 607
4723 607
4726 607
4688 607
4568 607
4331 607
3970 607
3510 607
3017 607
2555 607
2216 607
2029 607
1976 607
1976 607
1936 607
1787 607
1529 607
1209 607
889 607
613 607
405 607
265 607
175 607
122 607
94 607
81 607
77 607
77 607
77 607
75 607
70 607
61 607
49 607
37 607
25 607
16 607
10 607
6 607
3 607
1 607
0 607
0 607
0 607
0 607
0 607
0 607
0 607
0 607
0 607
0 607
0 607
0 607
0 607
0 607
0 607
0 607
0 607
0 607
0 607
0 607
0 607
0 607
0 607
0 607
0 607
0 607
0 607
0 607
0 607
0 607
0 607
0 607
0 607
0 607
0 607
0 607
0 607
0 607
0 607
0 607
0 607
0 607
0 607
0 607
0 607
0 607
0 607
0 607
0 607
0 607
0 607
0 607
0 607
0 607
0 607
0 607
0 607
0 607
0 607
0 607
0 607
0 607
0 607
0 607
0 607
0 607
0 607
0 607
0 607
0 607
0 607
0 607
0 607
0 607
0 607
0 607
1 607
3 607
7 607
13 607
22 607
36 607
56 607
80 607
108 607
136 607
162 607
182 607
194 607
196 607
197 607
217 607
290 607
453 607
735 607
1145 607
1641 607
2145 607
2578 607
2860 607
2984 607
3000 607
3010 607
3110 607
3339 607
3665 607
4024 607
4342 607
4584 607
4746 607
4841 607
4888 607
4900 607
4890 607
4866 684
4838 684
4812 684
4792 684
4782 684
4785 684
4791 684
4780 684
4716 684
4562 684
4287 684
3882 684
3389 684
2887 684
2455 684
2174 684
2050 684
2034 684
2024 684
1924 684
1695 684
1369 684
1009 684
689 684
443 684
275 684
171 684
110 684
78 684
64 684
60 684
60 684
60 684
60 684
58 684
53 684
46 684
37 684
28 684
19 684
12 684
7 684
4 684
2 684
1 684
0 684
0 684
0 684
0 684
0 684
0 684
0 684
0 684
0 684
0 684
0 684
0 684
0 684
0 684
0 684
0 684
0 684
0 684
0 684
0 684
0 684
0 684
0 684
0 684
0 684
0 684
0 684
0 684
0 684
0 684
0 684
0 684
0 684
0 684
0 684
0 684
0 684
0 684
0 684
0 684
0 684
0 684
0 684
0 684
0 684
0 684
0 684
0 684
0 684
0 684
0 684
0 684
0 684
0 684
0 684
0 684
0 684
0 684
0 684
0 684
0 684
0 684
0 684
0 684
0 684
0 684
0 684
0 684
0 684
0 684
0 684
0 684
0 684
1 684
2 684
3 684
4 684
6 684
9 684
13 684
21 684
34 684
51 684
73 684
97 684
123 684
147 684
166 684
176 684
178 684
178 684
191 684
247 684
379 684
619 684
979 684
1427 684
1907 684
2325 684
2613 684
2745 684
2767 684
2771 684
2850 684
3051 684
3350 684
3682 684
3980 684
4206 684
4356 684
4438 684
4475 684
4484 684
4474 684
4454 739
4429 739
4405 739
4386 739
4376 739
4375 739
4379 739
4372 739
4324 739
4201 739
3969 739
3615 739
3171 739
2694 739
2278 739
1991 739
1859 739
1837 739
1833 739
1753 739
1551 739
1251 739
918 739
618 739
389 739
235 739
145 739
95 739
69 739
57 739
53 739
52 739
52 739
52 739
52 739
51 739
47 739
41 739
33 739
24 739
16 739
10 739
6 739
3 739
1 739
0 739
0 739
0 739
0 739
0 739
0 739
0 739
0 739
0 739
0 739
0 739
0 739
0 739
0 739
0 739
0 739
0 739
0 739
0 739
0 739
0 739
0 739
0 739
0 739
0 739
0 739
0 739
0 739
0 739
0 739
0 739
0 739
0 739
0 739
0 739
0 739
0 739
0 739
0 739
0 739
0 739
0 739
0 739
0 739
0 739
0 739
0 739
0 739
0 739
0 739
0 739
0 739
0 739
0 739
0 739
0 739
0 739
0 739
0 739
0 739
0 739
0 739
0 739
0 739
0 739
0 739
0 739
0 739
0 739
0 739
0 739
0 739
0 739
0 739
0 739
1 739
3 739
7 739
13 739
22 739
36 739
55 739
79 739
107 739
139 739
171 739
199 739
216 739
222 739
222 739
235 739
299 739
453 739
729 739
1125 739
1613 739
2117 739
2557 739
2870 739
3024 739
3060 739
3060 739
3116 739
3284 739
3554 739
3873 739
4184 739
4450 739
4646 739
4777 739
4853 739
4890 739
4896 739
4881 739
4852 799
4820 799
4793 799
4780 799
4783 799
4795 799
4796 799
4746 799
4604 799
4337 799
3948 799
3464 799
2962 799
2523 799
2210 799
2056 799
2020 799
2020 799
1964 799
1796 799
1526 799
1206 799
893 799
623 799
421 799
281 799
191 799
135 799
105 799
92 799
89 799
89 799
88 799
84 799
75 799
63 799
49 799
35 799
23 799
14 799
7 799
3 799
1 799
0 799
0 799
0 799
0 799
0 799
0 799
0 799
0 799
0 799
0 799
0 799
0 799
0 799
0 799
0 799
0 799
0 799
0 799
0 799
0 799
0 799
0 799
0 799
0 799
0 799
0 799
0 799
0 799
0 799
0 799
0 799
0 799
0 799
0 799
0 799
0 799
0 799
0 799
0 799
0 799
0 799
0 799
0 799
0 799
0 799
0 799
0 799
0 799
0 799
0 799
0 799
0 799
0 799
0 799
0 799
0 799
0 799
0 799
0 799
0 799
0 799
0 799
0 799
0 799
0 799
0 799
0 799
0 799
0 799
0 799
0 799
0 799
0 799
0 799
0 799
1 799
2 799
4 799
6 799
10 799
15 799
24 799
38 799
57 799
81 799
107 799
135 799
161 799
181 799
193 799
195 799
196 799
218 799
294 799
466 799
760 799
1178 799
1674 799
2186 799
2611 799
2887 799
3003 799
3015 799
3031 799
3151 799
3408 799
3760 799
4132 799
4456 799
4698 799
4851 799
4935 799
4969 799
4972 799
4956 799
4932 854
4904 854
4878 854
4859 854
4851 854
4855 854
4862 854
4850 854
4784 854
4622 854
4337 854
3926 854
3435 854
2927 854
2504 854
2229 854
2113 854
2101 854
2085 854
1965 854
1707 854
1354 854
980 854
654 854
408 854
250 854
157 854
109 854
87 854
79 854
77 854
77 854
77 854
76 854
72 854
66 854
58 854
48 854
38 854
28 854
19 854
12 854
7 854
3 854
1 854
0 854
0 854
0 854
0 854
0 854
0 854
0 854
0 854
0 854
0 854
0 854
0 854
0 854
0 854
0 854
0 854
0 854
0 854
0 854
0 854
0 854
0 854
0 854
0 854
0 854
0 854
0 854
0 854
0 854
0 854
0 854
0 854
0 854
0 854
0 854
0 854
0 854
0 854
0 854
0 854
0 854
0 854
0 854
0 854
0 854
0 854
0 854
0 854
0 854
0 854
0 854
0 854
0 854
0 854
0 854
0 854
0 854
0 854
0 854
0 854
0 854
0 854
0 854
0 854
0 854
0 854
0 854
0 854
0 854
0 854
0 854
0 854
0 854
0 854
1 854
3 854
7 854
12 854
20 854
32 854
48 854
68 854
92 854
118 854
144 854
166 854
180 854
184 854
184 854
196 854
252 854
392 854
644 854
1018 854
1482 854
1978 854
2418 854
2731 854
2885 854
2919 854
2920 854
2984 854
3161 854
3437 854
3756 854
4061 854
4309 854
4491 854
4615 854
4693 854
4733 854
4745 854
4734 854
4712 896
4686 896
4665 896
4656 896
4662 896
4676 896
4681 896
4642 896
4516 896
4274 896
3907 896
3447 896
2953 896
2514 896
2201 896
2047 896
2013 896
2012 896
1948 896
1771 896
1495 896
1175 896
868 896
616 896
429 896
297 896
207 896
151 896
119 896
106 896
102 896
102 896
101 896
96 896
86 896
72 896
55 896
38 896
24 896
14 896
7 896
3 896
1 896
0 896
0 896
0 896
0 896
0 896
0 896
0 896
0 896
0 896
0 896
0 896
0 896
0 896
0 896
0 896
0 896
0 896
0 896
0 896
0 896
0 896
0 896
0 896
0 896
0 896
0 896
0 896
0 896
0 896
0 896
0 896
0 896
0 896
0 896
0 896
0 896
0 896
0 896
0 896
0 896
0 896
0 896
0 896
0 896
0 896
0 896
0 896
0 896
0 896
0 896
0 896
0 896
0 896
0 896
0 896
0 896
0 896
0 896
0 896
0 896
0 896
0 896
0 896
0 896
0 896
0 896
0 896
0 896
0 896
0 896
0 896
0 896
0 896
0 896
0 896
0 896
1 896
3 896
7 896
15 896
28 896
45 896
69 896
97 896
127 896
157 896
183 896
202 896
210 896
210 896
214 896
250 896
354 896
562 896
895 896
1343 896
1847 896
2327 896
2694 896
2896 896
2954 896
2954 896
2999 896
3162 896
3444 896
3790 896
4129 896
4403 896
4601 896
4721 896
4781 896
4800 896
4792 896
4770 934
4741 934
4711 934
4685 934
4667 934
4663 934
4669 934
4673 934
4647 934
4553 934
4353 934
4026 934
3583 934
3083 934
2605 934
2239 934
2037 934
1979 934
1979 934
1934 934
1771 934
1489 934
1143 934
803 934
527 934
325 934
197 934
124 934
88 934
72 934
66 934
65 934
65 934
65 934
64 934
60 934
54 934
46 934
36 934
26 934
18 934
12 934
7 934
3 934
1 934
0 934
0 934
0 934
0 934
0 934
0 934
0 934
0 934
0 934
0 934
0 934
0 934
0 934
0 934
0 934
0 934
0 934
0 934
0 934
0 934
0 934
0 934
0 934
0 934
0 934
0 934
0 934
0 934
0 934
0 934
0 934
0 934
0 934
0 934
0 934
0 934
0 934
0 934
0 934
0 934
0 934
0 934
0 934
0 934
0 934
0 934
0 934
0 934
0 934
0 934
0 934
0 934
0 934
0 934
0 934
0 934
0 934
0 934
0 934
0 934
0 934
0 934
0 934
0 934
0 934
0 934
0 934
0 934
0 934
0 934
0 934
0 934
0 934
0 934
1 934
2 934
4 934
8 934
14 934
24 934
38 934
58 934
82 934
110 934
138 934
162 934
179 934
186 934
186 934
193 934
238 934
362 934
591 934
944 934
1400 934
1904 934
2376 934
2736 934
2938 934
3002 934
3003 934
3037 934
3177 934
3435 934
3760 934
4092 934
4384 934
4609 934
4766 934
4864 934
4917 934
4933 934
4923 934
4898 971
4870 971
4847 971
4835 971
4836 971
4848 971
4854 971
4821 971
4707 971
4486 971
4138 971
3686 971
3184 971
2713 971
2353 971
2151 971
2087 971
2086 971
2052 971
1912 971
1654 971
1328 971
995 971
701 971
472 971
309 971
201 971
134 971
98 971
84 971
81 971
81 971
80 971
75 971
67 971
55 971
42 971
30 971
20 971
12 971
7 971
3 971
1 971
0 971
0 971
0 971
0 971
0 971
0 971
0 971
0 971
0 971
0 971
0 971
0 971
0 971
0 971
0 971
0 971
0 971
0 971
0 971
0 971
0 971
0 971
0 971
0 971
0 971
0 971
0 971
0 971
0 971
0 971
0 971
0 971
0 971
0 971
0 971
0 971
0 971
0 971
0 971
0 971
0 971
0 971
0 971
0 971
0 971
0 971
0 971
0 971
0 971
0 971
0 971
0 971
0 971
0 971
0 971
0 971
0 971
0 971
0 971
0 971
0 971
0 971
0 971
0 971
0 971
0 971
0 971
0 971
0 971
0 971
0 971
0 971
0 971
0 971
0 971
0 971
1 971
3 971
7 971
14 971
26 971
43 971
65 971
93 971
123 971
153 971
181 971
201 971
210 971
210 971
214 971
248 971
352 971
565 971
898 971
1338 971
1834 971
2306 971
2680 971
2904 971
2984 971
2987 971
3011 971
3135 971
3375 971
3695 971
4027 971
4313 971
4527 971
4669 971
4747 971
4780 971
4782 971
4763 971
4735 999
4705 999
4677 999
4659 999
4654 999
4660 999
4664 999
4639 999
4543 999
4337 999
4009 999
3572 999
3078 999
2607 999
2233 999
2009 999
1929 999
1926 999
1902 999
1778 999
1538 999
1218 999
885 999
597 999
379 999
230 999
140 999
90 999
66 999
57 999
55 999
55 999
55 999
53 999
49 999
43 999
35 999
26 999
18 999
11 999
6 999
3 999
1 999
0 999
0 999
0 999
0 999
0 999
0 999
0 999
0 999
0 999
0 999
0 999
0 999
0 999
0 999
0 999
0 999
0 999
0 999
0 999
0 999
0 999
0 999
0 999
0 999
0 999
0 999
0 999
0 999
0 999
0 999
0 999
0 999
0 999
0 999
0 999
0 999
1 999
4 999
9 999
18 999
32 999
51 999
73 999
99 999
127 999
153 999
173 999
185 999
187 999
187 999
207 999
280 999
443 999
719 999
1107 999
1579 999
2059 999
2469 999
2745 999
2865 999
2882 999
2890 999
2980 999
3193 999
3500 999
3840 999
4146 999
4378 999
4527 999
4608 999
4642 999
4645 999
4631 999
4607 999
4579 999
4553 999
4533 999
4522 999
4523 999
4528 999
4514 999
4448 999
4291 999
4019 999
3634 999
3164 999
2685 999
2275 999
1999 999
1879 999
1862 999
1854 999
1764 999
1551 999
1244 999
904 999
597 999
362 999
208 999
118 999
70 999
48 999
40 999
38 999
38 999
38 999
38 999
37 999
34 999
29 999
23 999
16 999
10 999
6 999
3 999
1 999
0 999
0 999
0 999
0 999
0 999
0 999
0 999
0 999
0 999
0 999
0 999
0 999
0 999
0 999
0 999
0 999
0 999
0 999
0 999
0 999
0 999
0 999
0 999
0 999
0 999
0 999
0 999
0 999
0 999
0 999
0 999
0 999
0 999
0 999
0 999
0 999
0 999
0 999
0 999
0 999
0 999
0 999
0 999
0 999
0 999
0 999
0 999
0 999
0 999
0 999
0 999
0 999
0 999
0 999
0 999
0 999
0 999
0 999
0 999
0 999
0 999
0 999
0 999
0 999
0 999
0 999
0 999
0 999
0 999
0 999
0 999
0 999
0 999
0 999
0 999
0 999
0 999
0 999
0 999
0 999
0 999
0 999
0 999
0 999
0 999
0 999
0 999
0 999
0 999
0 999
0 999
0 999
0 999
0 999
0 999
0 999
0 999
1 999
3 999
5 999
9 999
15 999
24 999
37 999
54 999
74 999
94 999
114 999
130 999
139 999
141 999
141 999
155 999
211 999
343 999
578 999
918 999
1336 999
1776 999
2164 999
2434 999
2566 999
2590 999
2594 999
2670 999
2872 999
3185 999
3544 999
3868 999
4118 999
4282 999
4369 999
4403 999
4407 999
4394 999
4374 1032
4354 1032
4334 1032
4318 1032
4309 1032
4308 1032
4311 1032
4301 1032
4251 1037
4125 1037
3895 1037
3559 1037
3144 1037
2706 1037
2319 1037
2050 1037
1918 1037
1894 1037
1890 1037
1814 1037
1612 1037
1299 1037
939 1037
613 1037
361 1037
193 1037
100 1037
57 1037
40 1037
36 1037
36 1037
36 1037
36 1037
36 1037
36 1037
35 1037
32 1037
28 1037
22 1037
16 1037
11 1037
7 1037
4 1037
2 1037
1 1037
0 1037
0 1037
0 1037
0 1037
0 1037
0 1037
0 1037
0 1037
0 1037
0 1037
0 1037
0 1037
0 1037
0 1037
0 1037
0 1037
0 1037
0 1037
0 1037
0 1037
0 1037
0 1037
0 1037
0 1037
0 1037
0 1037
0 1037
0 1037
0 1037
0 1037
0 1037
0 1037
0 1037
0 1037
0 1037
0 1037
0 1037
0 1037
0 1037
0 1037
0 1037
0 1037
0 1037
0 1037
0 1037
0 1037
0 1037
0 1037
0 1037
0 1037
0 1037
0 1037
0 1037
0 1037
0 1037
0 1037
0 1037
0 1037
0 1037
0 1037
0 1037
0 1037
0 1037
0 1037
0 1037
0 1037
0 1037
0 1037
0 1037
0 1037
0 1037
0 1037
0 1037
0 1037
0 1037
0 1037
0 1037
0 1037
0 1037
1 1037
3 1037
7 1037
14 1037
26 1037
42 1037
61 1037
83 1037
107 1037
129 1037
146 1037
155 1037
156 1037
157 1037
176 1037
240 1037
380 1037
620 1037
960 1037
1370 1037
1795 1037
2162 1037
2402 1037
2506 1037
2518 1037
2530 1037
2630 1037
2854 1037
3167 1037
3500 1037
3787 1037
3993 1037
4117 1037
4177 1037
4197 1037
4193 1037
4178 1038
4156 1038
4132 1038
4110 1038
4093 1038
4084 1038
4084 1038
4085 1038
4070 1038
4010 1038
3875 1038
3639 1038
3302 1038
2894 1038
2471 1038
2105 1038
1866 1038
1762 1038
1750 1038
1738 1038
1638 1038
1414 1038
1101 1038
768 1038
480 1038
272 1038
144 1038
77 1038
45 1038
33 1038
29 1038
29 1038
29 1038
29 1038
29 1038
29 1038
28 1038
26 1038
22 1038
18 1038
13 1038
9 1038
6 1038
4 1038
2 1038
1 1038
0 1038
0 1038
0 1038
0 1038
0 1038
0 1038
0 1038
0 1038
0 1038
0 1038
0 1038
0 1038
0 1038
0 1038
0 1038
0 1038
0 1038
0 1038
0 1038
0 1038
0 1038
0 1038
0 1038
0 1038
0 1038
0 1038
0 1038
0 1038
0 1038
0 1038
0 1038
0 1038
0 1038
0 1038
0 1038
0 1038
0 1038
0 1038
0 1038
0 1038
0 1038
0 1038
0 1038
0 1038
0 1038
0 1038
0 1038
0 1038
0 1038
0 1038
0 1038
0 1038
0 1038
0 1038
0 1038
0 1038
0 1038
0 1038
0 1038
0 1038
0 1038
0 1038
0 1038
0 1038
0 1038
0 1038
0 1038
0 1038
0 1038
0 1038
0 1038
0 1038
0 1038
0 1038
1 1038
2 1038
3 1038
5 1038
8 1038
13 1038
20 1038
28 1038
37 1038
46 1038
55 1038
62 1038
66 1038
67 1038
67 1038
71 1038
93 1038
157 1038
289 1038
507 1038
807 1038
1153 1038
1493 1038
1751 1038
1891 1038
1925 1038
1927 1038
2017 1038
2311 1038
2848 1038
3547 1038
4227 1038
4730 1038
5004 1038
5094 1038
5099 1038
5094 1038
5112 1068
5148 1068
5187 1068
5221 1068
5250 1068
5276 1068
5301 1068
5320 1068
5329 1068
5314 1068
5253 1068
5122 1068
4904 1068
4604 1068
4258 1068
3918 1068
3660 1068
3520 1068
3486 1068
3484 1068
3394 1068
3100 1068
2563 1068
1863 1068
1182 1068
678 1068
402 1068
309 1068
299 1068
297 1068
271 1068
226 1068
178 1068
135 1068
99 1068
69 1068
43 1068
24 1068
11 1068
4 1068
1 1068
0 1068
0 1068
0 1068
0 1068
0 1068
0 1068
0 1068
0 1068
0 1068
0 1068
0 1068
0 1068
0 1068
0 1068
0 1068
0 1068
0 1068
0 1068
0 1068
0 1068
0 1068
0 1068
0 1068
0 1068
0 1068
0 1068
0 1068
0 1068
0 1068
0 1068
0 1068
0 1068
0 1068
0 1068
0 1068
0 1068
0 1068
0 1068
0 1068
0 1068
0 1068
0 1068
0 1068
0 1068
0 1068
0 1068
0 1068
0 1068
0 1068
0 1068
0 1068
0 1068
0 1068
0 1068
0 1068
0 1068
0 1068
0 1068
0 1068
0 1068
0 1068
0 1068
0 1068
0 1068
0 1068
0 1068
0 1068
0 1068
0 1068
0 1068
0 1068
0 1068
0 1068
0 1068
0 1068
0 1068
0 1068
0 1068
0 1068
0 1068
0 1068
0 1068
0 1068
0 1068
1 1068
3 1068
7 1068
13 1068
23 1068
37 1068
56 1068
80 1068
106 1068
132 1068
154 1068
170 1068
176 1068
176 1068
183 1068
223 1068
331 1068
539 1068
859 1068
1269 1068
1717 1068
2135 1068
2448 1068
2620 1068
2670 1068
2670 1068
2710 1068
2859 1068
3117 1068
3443 1068
3762 1068
4030 1068
4223 1068
4345 1068
4408 1068
4434 1068
4434 1068
4417 1068
4393 1068
4367 1068
4345 1068
4331 1068
4330 1068
4337 1068
4339 1068
4308 1068
4209 1070
4008 1070
3693 1070
3287 1070
2841 1070
2424 1070
2111 1070
1939 1070
1889 1070
1889 1070
1849 1070
1700 1070
1442 1070
1116 1070
796 1070
526 1070
329 1070
201 1070
128 1070
88 1070
69 1070
62 1070
60 1070
60 1070
60 1070
58 1070
53 1070
46 1070
37 1070
28 1070
19 1070
12 1070
7 1070
3 1070
1 1070
0 1070
0 1070
0 1070
0 1070
0 1070
0 1070
0 1070
0 1070
0 1070
0 1070
0 1070
0 1070
0 1070
0 1070
0 1070
0 1070
0 1070
0 1070
0 1070
0 1070
0 1070
0 1070
0 1070
0 1070
0 1070
0 1070
0 1070
0 1070
0 1070
0 1070
0 1070
0 1070
0 1070
0 1070
0 1070
0 1070
0 1070
0 1070
0 1070
0 1070
0 1070
0 1070
0 1070
0 1070
0 1070
0 1070
0 1070
0 1070
0 1070
0 1070
0 1070
0 1070
0 1070
0 1070
0 1070
0 1070
0 1070
0 1070
0 1070
0 1070
0 1070
0 1070
0 1070
0 1070
0 1070
0 1070
0 1070
0 1070
0 1070
0 1070
0 1070
0 1070
0 1070
0 1070
0 1070
1 1070
2 1070
4 1070
8 1070
14 1070
23 1070
35 1070
51 1070
70 1070
92 1070
114 1070
134 1070
150 1070
158 1070
158 1070
160 1070
184 1070
264 1070
427 1070
697 1070
1071 1070
1519 1070
1975 1070
2356 1070
2608 1070
2716 1070
2728 1070
2740 1070
2840 1070
3064 1070
3383 1070
3728 1070
4026 1070
4246 1070
4380 1070
4451 1070
4479 1070
4482 1070
4471 1070
4451 1076
4429 1076
4409 1076
4393 1076
4385 1076
4386 1076
4387 1076
4367 1076
4293 1076
4137 1076
3873 1076
3504 1076
3060 1076
2607 1076
2228 1076
1977 1076
1869 1076
1857 1076
1845 1076
1745 1076
1521 1076
1201 1076
855 1076
555 1076
331 1076
191 1076
111 1076
71 1076
52 1076
44 1076
42 1076
42 1076
42 1076
42 1076
42 1076
41 1076
38 1076
34 1076
28 1076
21 1076
15 1076
10 1076
6 1076
3 1076
1 1076
0 1076
0 1076
0 1076
0 1076
0 1076
0 1076
0 1076
0 1076
0 1076
0 1076
0 1076
0 1076
0 1076
0 1076
0 1076
0 1076
0 1076
0 1076
0 1076
0 1076
0 1076
0 1076
0 1076
0 1076
0 1076
0 1076
0 1076
0 1076
0 1076
0 1076
0 1076
0 1076
0 1076
0 1076
0 1076
0 1076
0 1076
0 1076
0 1076
0 1076
0 1076
0 1076
0 1076
0 1076
0 1076
0 1076
0 1076
0 1076
0 1076
0 1076
0 1076
0 1076
0 1076
0 1076
0 1076
0 1076
0 1076
0 1076
0 1076
0 1076
0 1076
0 1076
0 1076
0 1076
0 1076
0 1076
0 1076
0 1076
0 1076
0 1076
0 1076
0 1076
0 1076
0 1076
1 1076
3 1076
6 1076
11 1076
20 1076
33 1076
50 1076
72 1076
98 1076
126 1076
154 1076
178 1076
195 1076
201 1076
201 1076
209 1076
254 1076
378 1076
607 1076
953 1076
1401 1076
1881 1076
2321 1076
2641 1076
2813 1076
2861 1076
2861 1076
2901 1076
3046 1076
3298 1076
3604 1076
3909 1076
4164 1076
4356 1076
4483 1076
4560 1076
4596 1076
4604 1076
4592 1076
4568 1085
4540 1085
4516 1085
4502 1085
4503 1085
4513 1085
4517 1085
4484 1085
4370 1085
4149 1085
3808 1085
3364 1085
2886 1085
2447 1085
2127 1085
1955 1085
1907 1085
1907 1085
1867 1085
1722 1085
1470 1085
1163 1085
856 1085
598 1085
401 1085
265 1085
175 1085
122 1085
92 1085
78 1085
74 1085
74 1085
74 1085
71 1085
64 1085
54 1085
42 1085
30 1085
20 1085
12 1085
7 1085
3 1085
1 1085
0 1085
0 1085
0 1085
0 1085
0 1085
0 1085
0 1085
0 1085
0 1085
0 1085
0 1085
0 1085
0 1085
0 1085
0 1085
0 1085
0 1085
0 1085
0 1085
0 1085
0 1085
0 1085
0 1085
0 1085
0 1085
0 1085
0 1085
0 1085
0 1085
0 1085
0 1085
0 1085
0 1085
0 1085
0 1085
0 1085
0 1085
0 1085
0 1085
0 1085
0 1085
0 1085
0 1085
0 1085
0 1085
0 1085
0 1085
0 1085
0 1085
0 1085
0 1085
0 1085
0 1085
0 1085
0 1085
0 1085
0 1085
0 1085
0 1085
0 1085
0 1085
0 1085
0 1085
0 1085
0 1085
0 1085
0 1085
0 1085
0 1085
0 1085
0 1085
0 1085
0 1085
0 1085
0 1085
0 1085
0 1085
1 1085
2 1085
4 1085
8 1085
14 1085
24 1085
38 1085
58 1085
84 1085
114 1085
144 1085
172 1085
194 1085
208 1085
211 1085
211 1085
230 1085
306 1085
483 1085
790 1085
1223 1085
1743 1085
2280 1085
2736 1085
3043 1085
3179 1085
3199 1085
3207 1085
3304 1085
3539 1085
3884 1085
4264 1085
4615 1085
4887 1085
5068 1085
5174 1085
5224 1085
5238 1085
5226 1085
5200 1113
5170 1113
5142 1113
5121 1113
5111 1113
5114 1113
5122 1113
5112 1113
5046 1113
4878 1113
4578 1113
4150 1113
3633 1113
3098 1113
2643 1113
2336 1113
2200 1113
2180 1113
2172 1113
2075 1113
1840 1113
1494 1113
1113 1113
760 1113
484 1113
297 1113
181 1113
117 1113
83 1113
69 1113
65 1113
65 1113
65 1113
64 1113
60 1113
54 1113
46 1113
37 1113
27 1113
18 1113
11 1113
6 1113
3 1113
1 1113
0 1113
0 1113
0 1113
0 1113
0 1113
0 1113
0 1113
0 1113
0 1113
0 1113
0 1113
0 1113
0 1113
0 1113
0 1113
0 1113
0 1113
0 1113
0 1113
0 1113
0 1113
0 1113
0 1113
0 1113
0 1113
0 1113
0 1113
0 1113
0 1113
0 1113
0 1113
0 1113
0 1113
0 1113
0 1113
0 1113
0 1113
0 1113
0 1113
0 1113
0 1113
0 1113
0 1113
0 1113
0 1113
0 1113
0 1113
0 1113
0 1113
0 1113
0 1113
0 1113
0 1113
0 1113
0 1113
0 1113
0 1113
0 1113
0 1113
0 1113
0 1113
0 1113
0 1113
0 1113
0 1113
0 1113
0 1113
0 1113
0 1113
0 1113
0 1113
0 1113
0 1113
0 1113
0 1113
1 1113
2 1113
3 1113
5 1113
9 1113
15 1113
24 1113
37 1113
54 1113
76 1113
100 1113
126 1113
150 1113
169 1113
178 1113
179 1113
181 1113
209 1113
299 1113
486 1113
793 1113
1211 1113
1699 1113
2179 1113
2567 1113
2813 1113
2910 1113
2917 1113
2936 1113
3060 1113
3323 1113
3682 1113
4055 1113
4379 1113
4615 1113
4758 1113
4829 1113
4852 1113
4849 1113
4831 1125
4807 1125
4781 1125
4757 1125
4738 1125
4731 1125
4734 1125
4736 1125
4714 1125
4630 1125
4449 1125
4146 1125
3731 1125
3245 1125
2767 1125
2380 1125
2134 1125
2037 1125
2030 1125
2011 1125
1887 1125
1623 1125
1263 1125
889 1125
563 1125
323 1125
174 1125
94 1125
58 1125
44 1125
40 1125
40 1125
40 1125
40 1125
40 1125
38 1125
34 1125
30 1125
24 1125
18 1125
12 1125
8 1125
5 1125
3 1125
1 1125
0 1125
0 1125
0 1125
0 1125
0 1125
0 1125
0 1125
0 1125
0 1125
0 1125
0 1125
0 1125
0 1125
0 1125
0 1125
0 1125
0 1125
0 1125
0 1125
0 1125
0 1125
0 1125
0 1125
0 1125
0 1125
0 1125
0 1125
0 1125
0 1125
0 1125
0 1125
0 1125
0 1125
0 1125
0 1125
0 1125
0 1125
0 1125
0 1125
0 1125
0 1125
0 1125
0 1125
0 1125
0 1125
0 1125
0 1125
0 1125
0 1125
0 1125
0 1125
0 1125
0 1125
0 1125
0 1125
0 1125
0 1125
0 1125
0 1125
0 1125
0 1125
0 1125
0 1125
0 1125
0 1125
0 1125
0 1125
0 1125
0 1125
0 1125
0 1125
0 1125
0 1125
0 1125
0 1125
1 1125
3 1125
5 1125
9 1125
14 1125
22 1125
35 1125
52 1125
74 1125
100 1125
130 1125
158 1125
182 1125
196 1125
200 1125
200 1125
214 1125
275 1125
424 1125
694 1125
1090 1125
1578 1125
2090 1125
2546 1125
2866 1125
3024 1125
3058 1125
3059 1125
3120 1125
3302 1125
3595 1125
3939 1125
4270 1125
4542 1125
4739 1125
4867 1125
4937 1125
4968 1125
4972 1125
4956 1125
4928 1139
4900 1139
4877 1139
4867 1139
4871 1139
4881 1139
4879 1139
4830 1139
4691 1139
4429 1139
4038 1139
3553 1139
3043 1139
2588 1139
2268 1139
2110 1139
2076 1139
2075 1139
2014 1139
1832 1139
1538 1139
1192 1139
859 1139
583 1139
381 1139
245 1139
162 1139
114 1139
88 1139
78 1139
76 1139
76 1139
75 1139
71 1139
63 1139
53 1139
41 1139
29 1139
19 1139
11 1139
6 1139
3 1139
1 1139
0 1139
0 1139
0 1139
0 1139
0 1139
0 1139
0 1139
0 1139
0 1139
0 1139
0 1139
0 1139
0 1139
0 1139
0 1139
0 1139
0 1139
0 1139
0 1139
0 1139
0 1139
0 1139
0 1139
0 1139
0 1139
0 1139
0 1139
0 1139
0 1139
0 1139
0 1139
0 1139
0 1139
0 1139
0 1139
0 1139
0 1139
0 1139
0 1139
0 1139
0 1139
0 1139
0 1139
0 1139
0 1139
0 1139
0 1139
0 1139
0 1139
0 1139
0 1139
0 1139
0 1139
0 1139
0 1139
0 1139
0 1139
0 1139
0 1139
0 1139
0 1139
0 1139
0 1139
0 1139
0 1139
0 1139
0 1139
0 1139
0 1139
0 1139
0 1139
0 1139
0 1139
0 1139
0 1139
0 1139
0 1139
1 1139
4 1139
9 1139
17 1139
29 1139
46 1139
68 1139
96 1139
128 1139
160 1139
188 1139
210 1139
220 1139
221 1139
224 1139
256 1139
356 1139
569 1139
922 1139
1402 1139
1965 1139
2519 1139
2967 1139
3237 1139
3334 1139
3338 1139
3366 1139
3511 1139
3799 1139
4180 1139
4575 1139
4912 1139
5159 1139
5319 1139
5404 1139
5440 1139
5444 1139
5426 1139
5396 1167
5364 1167
5336 1167
5316 1167
5310 1167
5317 1167
5324 1167
5302 1167
5212 1167
5007 1167
4660 1167
4184 1167
3624 1167
3072 1167
2625 1167
2355 1167
2258 1167
2254 1167
2226 1167
2081 1167
1793 1167
1412 1167
1016 1167
676 1167
424 1167
256 1167
159 1167
106 1167
80 1167
70 1167
68 1167
68 1167
68 1167
66 1167
62 1167
54 1167
44 1167
34 1167
24 1167
16 1167
10 1167
6 1167
3 1167
1 1167
0 1167
0 1167
0 1167
0 1167
0 1167
0 1167
0 1167
0 1167
0 1167
0 1167
0 1167
0 1167
0 1167
0 1167
0 1167
0 1167
0 1167
0 1167
0 1167
0 1167
0 1167
0 1167
0 1167
0 1167
0 1167
0 1167
0 1167
0 1167
0 1167
0 1167
0 1167
0 1167
0 1167
0 1167
0 1167
0 1167
0 1167
0 1167
0 1167
0 1167
0 1167
0 1167
0 1167
0 1167
0 1167
0 1167
0 1167
0 1167
0 1167
0 1167
0 1167
0 1167
0 1167
0 1167
0 1167
0 1167
0 1167
0 1167
0 1167
0 1167
0 1167
0 1167
0 1167
0 1167
0 1167
0 1167
0 1167
0 1167
0 1167
0 1167
0 1167
0 1167
0 1167
1 1167
2 1167
4 1167
7 1167
12 1167
21 1167
35 1167
55 1167
83 1167
117 1167
153 1167
189 1167
219 1167
239 1167
247 1167
247 1167
255 1167
305 1167
441 1167
705 1167
1108 1167
1628 1167
2200 1167
2720 1167
3101 1167
3298 1167
3348 1167
3348 1167
3415 1167
3623 1167
3962 1167
4357 1167
4722 1167
5007 1167
5194 1167
5297 1167
5341 1167
5347 1167
5328 1167
5296 1188
5260 1188
5224 1188
5194 1188
5175 1188
5170 1188
5174 1188
5173 1188
5131 1188
5003 1188
4746 1188
4348 1188
3832 1188
3262 1188
2743 1188
2363 1188
2166 1188
2116 1188
2116 1188
2049 1188
1841 1188
1501 1188
1105 1188
738 1188
450 1188
258 1188
146 1188
88 1188
62 1188
53 1188
51 1188
51 1188
51 1188
51 1188
50 1188
47 1188
43 1188
36 1188
28 1188
20 1188
13 1188
8 1188
4 1188
2 1188
1 1188
0 1188
0 1188
0 1188
0 1188
0 1188
0 1188
0 1188
0 1188
0 1188
0 1188
0 1188
0 1188
0 1188
0 1188
0 1188
0 1188
0 1188
0 1188
0 1188
0 1188
0 1188
0 1188
0 1188
0 1188
0 1188
0 1188
0 1188
0 1188
0 1188
0 1188
0 1188
0 1188
0 1188
0 1188
0 1188
0 1188
0 1188
0 1188
0 1188
0 1188
0 1188
0 1188
0 1188
0 1188
0 1188
0 1188
0 1188
0 1188
0 1188
0 1188
0 1188
0 1188
0 1188
0 1188
0 1188
0 1188
0 1188
0 1188
0 1188
0 1188
0 1188
0 1188
0 1188
0 1188
0 1188
0 1188
0 1188
0 1188
0 1188
0 1188
0 1188
0 1188
0 1188
0 1188
0 1188
1 1188
2 1188
5 1188
10 1188
18 1188
31 1188
50 1188
72 1188
98 1188
124 1188
148 1188
167 1188
176 1188
177 1188
178 1188
198 1188
268 1188
422 1188
692 1188
1073 1188
1529 1188
1993 1188
2374 1188
2614 1188
2707 1188
2714 1188
2731 1188
2843 1188
3072 1188
3372 1188
3678 1188
3941 1188
4130 1188
4253 1188
4325 1188
4360 1188
4369 1188
4361 1188
4340 1176
4315 1176
4291 1176
4272 1176
4266 1176
4270 1176
4277 1176
4266 1176
4205 1176
4059 1176
3795 1176
3418 1176
2965 1176
2503 1176
2123 1176
1883 1176
1790 1176
1783 1176
1766 1176
1654 1176
1425 1176
1125 1176
818 1176
554 1176
362 1176
234 1176
154 1176
106 1176
78 1176
64 1176
59 1176
58 1176
58 1176
58 1176
55 1176
50 1176
42 1176
33 1176
24 1176
16 1176
10 1176
6 1176
3 1176
1 1176
0 1176
0 1176
0 1176
0 1176
0 1176
0 1176
0 1176
0 1176
0 1176
0 1176
0 1176
0 1176
0 1176
0 1176
0 1176
0 1176
0 1176
0 1176
0 1176
0 1176
0 1176
0 1176
0 1176
0 1176
0 1176
0 1176
0 1176
0 1176
0 1176
0 1176
0 1176
0 1176
0 1176
0 1176
0 1176
0 1176
0 1176
0 1176
0 1176
0 1176
0 1176
0 1176
0 1176
0 1176
0 1176
0 1176
0 1176
0 1176
0 1176
0 1176
0 1176
0 1176
0 1176
0 1176
0 1176
0 1176
0 1176
0 1176
0 1176
0 1176
0 1176
0 1176
0 1176
0 1176
0 1176
0 1176
0 1176
0 1176
0 1176
0 1176
0 1176
0 1176
1 1176
2 1176
3 1176
4 1176
6 1176
9 1176
14 1176
22 1176
34 1176
51 1176
73 1176
99 1176
129 1176
157 1176
179 1176
191 1176
193 1176
193 1176
213 1176
286 1176
449 1176
731 1176
1127 1176
1607 1176
2103 1176
2536 1176
2824 1176
2956 1176
2976 1176
2983 1176
3075 1176
3298 1176
3630 1176
4003 1176
4347 1176
4620 1176
4807 1176
4919 1176
4974 1176
4991 1176
4983 1176
4961 1184
4931 1184
4903 1184
4883 1184
4877 1184
4884 1184
4896 1184
4888 1184
4825 1184
4671 1184
4395 1184
4003 1184
3526 1184
3032 1184
2600 1184
2312 1184
2180 1184
2160 1184
2153 1184
2060 1184
1836 1184
1503 1184
1129 1184
783 1184
507 1184
315 1184
195 1184
128 1184
94 1184
80 1184
76 1184
76 1184
76 1184
74 1184
68 1184
59 1184
47 1184
35 1184
25 1184
16 1184
10 1184
6 1184
3 1184
1 1184
0 1184
0 1184
0 1184
0 1184
0 1184
0 1184
0 1184
0 1184
0 1184
0 1184
0 1184
0 1184
0 1184
0 1184
0 1184
0 1184
0 1184
0 1184
0 1184
0 1184
0 1184
0 1184
0 1184
0 1184
0 1184
0 1184
0 1184
0 1184
0 1184
0 1184
0 1184
0 1184
0 1184
0 1184
0 1184
0 1184
0 1184
0 1184
0 1184
0 1184
0 1184
0 1184
0 1184
0 1184
0 1184
0 1184
0 1184
0 1184
0 1184
0 1184
0 1184
0 1184
0 1184
0 1184
0 1184
0 1184
0 1184
0 1184
0 1184
0 1184
0 1184
0 1184
0 1184
0 1184
0 1184
0 1184
0 1184
0 1184
0 1184
0 1184
0 1184
0 1184
0 1184
0 1184
1 1184
2 1184
4 1184
6 1184
10 1184
16 1184
25 1184
38 1184
55 1184
75 1184
99 1184
123 1184
143 1184
157 1184
162 1184
162 1184
169 1184
212 1184
324 1184
537 1184
857 1184
1267 1184
1715 1184
2133 1184
2446 1184
2618 1184
2668 1184
2668 1184
2706 1184
2846 1184
3097 1184
3403 1184
3701 1184
3945 1184
4113 1184
4215 1184
4264 1184
4281 1184
4278 1184
4263 1170
4241 1170
4217 1170
4197 1170
4183 1170
4179 1170
4181 1170
4178 1170
4140 1170
4034 1170
3826 1170
3510 1170
3103 1170
2657 1170
2240 1170
1927 1170
1755 1170
1705 1170
1705 1170
1667 1170
1527 1170
1275 1170
968 1170
668 1170
422 1170
250 1170
142 1170
84 1170
54 1170
40 1170
35 1170
33 1170
33 1170
33 1170
33 1170
32 1170
30 1170
26 1170
21 1170
15 1170
10 1170
6 1170
3 1170
1 1170
0 1170
0 1170
0 1170
0 1170
0 1170
0 1170
0 1170
0 1170
0 1170
0 1170
0 1170
0 1170
0 1170
0 1170
0 1170
0 1170
0 1170
0 1170
0 1170
0 1170
0 1170
0 1170
0 1170
0 1170
0 1170
0 1170
0 1170
0 1170
0 1170
0 1170
0 1170
0 1170
0 1170
0 1170
0 1170
0 1170
0 1170
0 1170
0 1170
0 1170
0 1170
0 1170
0 1170
0 1170
0 1170
0 1170
0 1170
0 1170
0 1170
0 1170
0 1170
0 1170
0 1170
0 1170
0 1170
0 1170
0 1170
0 1170
0 1170
0 1170
0 1170
0 1170
0 1170
0 1170
0 1170
0 1170
0 1170
0 1170
0 1170
0 1170
0 1170
0 1170
0 1170
0 1170
0 1170
0 1170
1 1170
2 1170
4 1170
8 1170
15 1170
27 1170
43 1170
63 1170
87 1170
113 1170
139 1170
163 1170
180 1170
187 1170
187 1170
193 1170
233 1170
345 1170
558 1170
884 1170
1294 1170
1734 1170
2130 1170
2418 1170
2567 1170
2607 1170
2607 1170
2643 1170
2759 1170
2956 1170
3190 1170
3418 1170
3608 1170
3753 1170
3850 1170
3905 1170
3932 1170
3938 1170
3927 1170
3906 1146
3881 1146
3857 1146
3840 1146
3835 1146
3839 1146
3839 1146
3806 1146
3701 1146
3494 1146
3173 1146
2767 1146
2330 1146
1936 1146
1649 1146
1500 1146
1460 1146
1460 1146
1424 1146
1308 1146
1111 1146
876 1146
647 1146
455 1146
306 1146
202 1146
135 1146
92 1146
66 1146
53 1146
48 1146
47 1146
47 1146
47 1146
45 1146
41 1146
35 1146
28 1146
21 1146
15 1146
10 1146
6 1146
3 1146
1 1146
0 1146
0 1146
1 1146
2 1146
4 1146
8 1146
12 1146
18 1146
24 1146
29 1146
33 1146
35 1146
35 1146
35 1146
35 1146
35 1146
36 1146
38 1146
41 1146
44 1146
47 1146
49 1146
51 1146
52 1146
52 1146
52 1146
52 1146
52 1146
52 1146
52 1146
52 1146
52 1146
51 1146
50 1146
48 1146
44 1146
40 1146
34 1146
30 1146
29 1146
32 1146
42 1146
58 1146
78 1146
102 1146
128 1146
153 1146
173 1146
184 1146
186 1146
183 1146
190 1164
236 1164
359 1164
588 1164
934 1164
1367 1164
1839 1164
2264 1164
2571 1164
2725 1164
2763 1164
2763 1164
2813 1164
2967 1164
3219 1164
3513 1164
3795 1164
4022 1164
4181 1164
4278 1164
4324 1164
4340 1164
4334 1164
4315 1164
4290 1164
4264 1164
4242 1164
4229 1164
4227 1164
4231 1164
4228 1164
4186 1164
4068 1164
3843 1164
3500 1164
3069 1164
2598 1164
2173 1164
1866 1164
1712 1164
1674 1164
1674 1164
1624 1164
1470 1164
1218 1164
924 1164
642 1164
413 1164
250 1164
146 1164
88 1164
56 1164
42 1164
37 1164
36 1164
36 1164
36 1164
35 1164
32 1164
28 1164
22 1164
16 1164
10 1164
6 1164
3 1164
1 1164
0 1164
0 1164
0 1164
0 1164
0 1164
0 1164
0 1164
0 1164
0 1164
0 1164
0 1164
0 1164
0 1164
0 1164
0 1164
0 1164
0 1164
0 1164
0 1164
0 1164
0 1164
0 1164
0 1164
0 1164
0 1164
0 1164
0 1164
0 1164
0 1164
0 1164
0 1164
0 1164
0 1164
0 1164
0 1164
0 1164
0 1164
0 1164
0 1164
0 1164
0 1164
0 1164
0 1164
0 1164
0 1164
0 1164
0 1164
0 1164
0 1164
0 1164
0 1164
0 1164
0 1164
0 1164
0 1164
0 1164
0 1164
0 1164
0 1164
0 1164
0 1164
0 1164
0 1164
0 1164
0 1164
0 1164
0 1164
0 1164
0 1164
0 1164
0 1164
0 1164
0 1164
0 1164
0 1164
0 1164
0 1164
0 1164
0 1164
0 1164
0 1164
0 1164
0 1164
0 1164
0 1164
0 1164
0 1164
0 1164
0 1164
0 1164
0 1164
0 1164
0 1164
0 1164
1 1164
3 1164
7 1164
13 1164
23 1164
37 1164
56 1164
78 1164
102 1164
128 1164
152 1164
169 1164
177 1164
177 1164
181 1164
219 1164
331 1164
544 1164
870 1164
1295 1164
1767 1164
2207 1164
2547 1164
2744 1164
2811 1164
2813 1164
2837 1164
2953 1164
3182 1164
3482 1164
3788 1164
4050 1164
4243 1164
4369 1164
4439 1164
4468 1164
4471 1164
4459 1164
4440 1141
4416 1141
4392 1141
4375 1141
4367 1141
4368 1141
4367 1141
4334 1137
4229 1137
4024 1137
3705 1137
3285 1137
2817 1137
2380 1137
2042 1137
1846 1137
1780 1137
1778 1137
1754 1137
1638 1137
1409 1137
1109 1137
802 1137
538 1137
341 1137
209 1137
129 1137
86 1137
64 1137
54 1137
49 1137
47 1137
47 1137
47 1137
47 1137
46 1137
43 1137
38 1137
31 1137
23 1137
16 1137
11 1137
7 1137
4 1137
2 1137
1 1137
0 1137
0 1137
0 1137
0 1137
0 1137
0 1137
0 1137
0 1137
0 1137
0 1137
0 1137
0 1137
0 1137
0 1137
0 1137
0 1137
0 1137
0 1137
0 1137
0 1137
0 1137
0 1137
0 1137
0 1137
0 1137
0 1137
0 1137
0 1137
0 1137
0 1137
0 1137
0 1137
0 1137
0 1137
0 1137
0 1137
0 1137
0 1137
0 1137
0 1137
0 1137
0 1137
0 1137
2 1137
10 1137
26 1137
48 1137
74 1137
98 1137
118 1137
132 1137
139 1137
142 1137
142 1137
142 1137
146 1137
158 1137
182 1137
220 1137
273 1137
334 1137
398 1137
462 1137
518 1137
563 1137
591 1137
601 1137
601 1137
607 1137
641 1137
721 1137
845 1137
985 1137
1111 1137
1186 1137
1208 1137
1194 1137
1168 1137
1148 1137
1140 1137
1140 1137
1145 1137
1151 1137
1157 1137
1161 1137
1160 1137
1150 1137
1127 1137
1089 1137
1036 1137
975 1137
911 1137
847 1137
791 1137
746 1137
718 1137
708 1137
708 1137
702 1137
668 1137
588 1137
464 1137
324 1137
196 1137
113 1137
75 1137
67 1137
67 1137
63 1137
51 1137
37 1137
25 1137
16 1137
10 1137
6 1137
3 1137
1 1137
0 1137
0 1137
0 1137
0 1137
0 1137
0 1137
0 1137
0 1137
0 1137
0 1137
0 1137
0 1137
0 1137
0 1137
0 1137
0 1137
1 1137
2 1137
3 1137
4 1137
6 1137
8 1137
10 1137
11 1137
11 1137
11 1137
12 1137
16 1137
26 1137
43 1137
65 1137
89 1137
111 1137
128 1137
140 1137
146 1137
148 1137
148 1137
148 1137
152 1137
164 1137
184 1137
212 1137
242 1137
270 1137
294 1137
309 1137
317 1137
320 1137
320 1137
318 1137
318 1137
325 1137
344 1137
376 1137
414 1137
447 1137
465 1137
464 1137
449 1178
427 1178
404 1178
385 1178
372 1178
363 1178
360 1178
360 1178
362 1178
364 1178
362 1178
351 1204
332 1204
304 1204
274 1204
246 1204
222 1204
206 1204
197 1204
193 1204
192 1204
192 1204
190 1204
181 1204
161 1204
129 1204
91 1204
57 1204
35 1204
26 1204
24 1204
24 1204
23 1204
20 1204
16 1204
13 1204
10 1204
8 1204
6 1204
4 1204
2 1204
1 1204
0 1204
0 1204
0 1204
0 1204
0 1204
0 1204
0 1204
0 1204
0 1204
0 1204
0 1204
0 1204
0 1204
0 1204
0 1204
1 1204
2 1204
3 1204
4 1204
5 1204
6 1204
7 1204
7 1204
7 1204
7 1204
11 1204
20 1204
36 1204
56 1204
78 1204
98 1204
114 1204
126 1204
132 1204
134 1204
134 1204
134 1204
139 1204
152 1204
172 1204
198 1204
226 1204
252 1204
272 1204
288 1204
299 1204
304 1204
305 1204
304 1204
305 1222
313 1222
332 1222
362 1222
396 1222
424 1222
437 1222
434 1222
418 1250
398 1250
377 1250
359 1250
345 1250
334 1250
329 1250
328 1250
329 1250
330 1250
327 1250
316 1264
298 1264
273 1264
245 1264
219 1264
199 1264
183 1264
171 1264
165 1264
163 1264
163 1264
161 1264
152 1264
132 1264
102 1264
68 1264
40 1264
23 1264
17 1264
17 1264
17 1264
16 1264
14 1264
12 1264
11 1264
10 1264
9 1264
8 1264
7 1264
5 1264
3 1264
1 1264
0 1264
0 1264
0 1264
0 1264
0 1264
0 1264
0 1264
0 1264
0 1264
0 1264
0 1264
0 1264
0 1264
0 1264
1 1264
2 1264
3 1264
4 1264
5 1264
6 1264
7 1264
7 1264
7 1264
7 1264
9 1264
17 1264
31 1264
51 1264
75 1264
97 1264
114 1264
126 1264
132 1264
133 1264
133 1264
133 1264
138 1264
150 1264
170 1264
196 1264
222 1264
244 1264
261 1264
271 1264
275 1264
275 1264
274 1264
273 1264
274 1264
280 1264
295 1264
319 1264
347 1264
373 1264
387 1264
385 1264
371 1282
351 1282
328 1282
309 1282
295 1282
285 1282
281 1282
281 1282
281 1282
281 1282
277 1282
266 1282
248 1282
224 1282
199 1282
177 1282
160 1282
150 1282
145 1282
144 1282
144 1282
144 1282
142 1282
135 1282
119 1282
95 1282
67 1282
41 1282
25 1282
19 1282
19 1282
19 1282
18 1282
15 1282
12 1282
10 1282
8 1282
7 1282
7 1282
7 1282
6 1282
5 1282
3 1282
1 1282
0 1282
0 1282
0 1282
0 1282
0 1282
0 1282
0 1282
0 1282
0 1282
0 1282
0 1282
0 1282
1 1282
2 1282
4 1282
6 1282
9 1282
12 1282
15 1282
17 1282
18 1282
18 1282
18 1282
23 1282
39 1282
67 1282
105 1282
148 1282
191 1282
229 1282
257 1282
273 1282
278 1282
278 1282
280 1282
292 1282
320 1282
363 1282
416 1282
469 1282
512 1282
544 1282
560 1282
566 1282
566 1282
564 1282
562 1282
564 1282
575 1282
599 1282
632 1282
668 1282
696 1282
705 1282
692 1282
664 1328
627 1328
589 1328
553 1328
521 1328
497 1328
483 1328
479 1328
479 1328
477 1328
465 1328
437 1328
394 1328
341 1328
288 1328
245 1328
213 1328
196 1328
189 1328
187 1328
187 1328
186 1328
181 1328
167 1328
141 1328
107 1328
71 1328
43 1328
29 1328
26 1328
26 1328
25 1328
20 1328
13 1328
7 1328
3 1328
1 1328
0 1328
0 1328
0 1328
0 1328
0 1328
0 1328
0 1328
0 1328
0 1328
0 1328
0 1328
0 1328
0 1328
0 1328
0 1328
0 1328
0 1328
0 1328
0 1328
1 1328
2 1328
4 1328
6 1328
8 1328
10 1328
12 1328
13 1328
13 1328
13 1328
14 1328
20 1328
36 1328
66 1328
109 1328
159 1328
209 1328
249 1328
277 1328
291 1328
295 1328
295 1328
298 1328
311 1328
341 1328
389 1328
456 1328
536 1328
619 1328
695 1328
755 1328
794 1328
812 1328
814 1328
812 1328
818 1378
848 1378
911 1378
1004 1378
1104 1378
1189 1378
1239 1378
1245 1378
1219 1378
1176 1462
1131 1462
1094 1462
1071 1462
1060 1462
1060 1462
1065 1462
1070 1462
1069 1462
1056 1519
1026 1519
978 1519
911 1519
832 1519
750 1519
675 1519
615 1519
575 1519
555 1519
551 1519
551 1519
543 1519
511 1519
447 1519
354 1519
254 1519
168 1519
112 1519
90 1519
86 1519
86 1519
81 1519
68 1519
51 1519
34 1519
20 1519
11 1519
6 1519
4 1519
4 1519
4 1519
4 1519
4 1519
3 1519
2 1519
1 1519
0 1519
0 1519
0 1519
0 1519
0 1519
0 1519
0 1519
0 1519
0 1519
0 1519
1 1519
3 1519
6 1519
10 1519
14 1519
18 1519
22 1519
24 1519
25 1519
25 1519
25 1519
30 1519
44 1519
70 1519
106 1519
144 1519
180 1519
208 1519
227 1519
237 1519
241 1519
241 1519
241 1519
245 1519
258 1519
282 1519
316 1519
352 1519
384 1519
410 1519
426 1519
434 1519
436 1519
434 1519
430 1510
426 1510
424 1510
432 1510
453 1510
485 1510
519 1510
540 1510
538 1510
514 1511
478 1511
442 1511
411 1511
389 1511
374 1511
366 1511
363 1511
363 1511
363 1511
359 1511
346 1511
322 1511
288 1511
252 1511
220 1511
194 1511
177 1511
167 1511
162 1511
160 1511
160 1511
160 1511
158 1511
148 1511
126 1511
94 1511
60 1511
34 1511
22 1511
20 1511
20 1511
18 1511
13 1511
7 1511
3 1511
1 1511
0 1511
0 1511
0 1511
0 1511
0 1511
0 1511
0 1511
0 1511
0 1511
0 1511
0 1511
0 1511
0 1511
0 1511
0 1511
0 1511
0 1511
0 1511
0 1511
0 1511
0 1511
1 1511
3 1511
6 1511
10 1511
16 1511
23 1511
29 1511
33 1511
35 1511
35 1511
35 1511
41 1511
57 1511
85 1511
121 1511
159 1511
193 1511
217 1511
231 1511
237 1511
238 1511
238 1511
239 1511
244 1511
258 1511
284 1511
324 1511
380 1511
450 1511
526 1511
592 1511
638 1511
659 1511
659 1511
655 1511
674 1511
738 1511
850 1511
988 1511
1120 1511
1220 1511
1270 1511
1273 1511
1246 1511
1212 1581
1184 1581
1167 1581
1163 1581
1166 1581
1173 1581
1180 1581
1184 1581
1185 1581
1181 1581
1167 1634
1141 1634
1101 1634
1045 1634
975 1634
899 1634
832 1634
784 1634
760 1634
756 1634
754 1634
728 1634
658 1634
542 1634
402 1634
270 1634
170 1634
114 1634
95 1634
94 1634
92 1634
82 1634
65 1634
45 1634
28 1634
15 1634
7 1634
3 1634
1 1634
0 1634
0 1634
0 1634
0 1634
0 1634
0 1634
0 1634
0 1634
0 1634
0 1634
0 1634
0 1634
0 1634
0 1634
0 1634
0 1634
0 1634
1 1634
3 1634
5 1634
8 1634
12 1634
16 1634
20 1634
22 1634
22 1634
22 1634
24 1634
34 1634
58 1634
94 1634
137 1634
180 1634
216 1634
242 1634
256 1634
261 1634
261 1634
261 1634
265 1634
277 1634
303 1634
343 1634
396 1634
457 1634
524 1634
588 1634
643 1634
684 1634
708 1634
713 1634
709 1634
714 1636
750 1636
828 1636
940 1636
1060 1636
1158 1636
1212 1636
1218 1636
1189 1636
1146 1686
1104 1686
1073 1686
1054 1686
1048 1686
1051 1686
1059 1686
1066 1686
1069 1686
1064 1686
1043 1715
1007 1715
956 1715
895 1715
828 1715
764 1715
708 1715
665 1715
639 1715
631 1715
631 1715
622 1715
582 1715
502 1715
390 1715
270 1715
170 1715
106 1715
76 1715
69 1715
69 1715
68 1715
63 1715
56 1715
48 1715
40 1715
32 1715
25 1715
18 1715
11 1715
6 1715
2 1715
0 1715
0 1715
0 1715
0 1715
0 1715
0 1715
0 1715
0 1715
0 1715
0 1715
0 1715
0 1715
0 1715
0 1715
0 1715
1 1715
2 1715
4 1715
6 1715
8 1715
11 1715
13 1715
15 1715
15 1715
15 1715
16 1715
24 1715
43 1715
75 1715
118 1715
163 1715
203 1715
231 1715
247 1715
253 1715
253 1715
253 1715
259 1715
276 1715
308 1715
353 1715
409 1715
470 1715
531 1715
587 1715
634 1715
665 1715
679 1715
679 1715
678 1715
692 1715
738 1715
816 1715
913 1715
1003 1715
1069 1715
1095 1715
1086 1715
1055 1743
1012 1743
969 1743
933 1743
909 1743
896 1743
892 1743
894 1743
895 1743
891 1743
876 1749
847 1749
805 1749
751 1749
691 1749
630 1749
574 1749
526 1749
494 1749
478 1749
476 1749
475 1749
458 1749
410 1749
330 1749
233 1749
143 1749
76 1749
42 1749
32 1749
31 1749
31 1749
29 1749
25 1749
21 1749
18 1749
16 1749
14 1749
13 1749
11 1749
9 1749
6 1749
3 1749
1 1749
0 1749
0 1749
0 1749
0 1749
0 1749
0 1749
0 1749
0 1749
0 1749
0 1749
0 1749
0 1749
0 1749
1 1749
3 1749
5 1749
7 1749
9 1749
11 1749
13 1749
15 1749
15 1749
15 1749
15 1749
19 1749
32 1749
56 1749
90 1749
126 1749
160 1749
186 1749
203 1749
211 1749
213 1749
213 1749
214 1749
222 1749
239 1749
269 1749
309 1749
357 1749
407 1749
455 1749
494 1749
524 1749
539 1749
541 1749
539 1749
546 1720
578 1720
640 1720
723 1720
809 1720
873 1720
903 1720
900 1720
876 1729
843 1729
813 1729
789 1729
773 1729
764 1729
761 1729
762 1729
764 1729
764 1729
756 1729
739 1729
709 1729
669 1729
621 1729
571 1729
523 1729
483 1729
451 1729
434 1729
430 1729
430 1729
421 1729
387 1729
323 1729
240 1729
154 1729
90 1729
56 1729
46 1729
46 1729
45 1729
39 1729
29 1729
19 1729
11 1729
6 1729
3 1729
1 1729
0 1729
0 1729
0 1729
0 1729
0 1729
0 1729
0 1729
0 1729
0 1729
0 1729
0 1729
0 1729
0 1729
0 1729
0 1729
0 1729
0 1729
0 1729
0 1729
1 1729
2 1729
4 1729
6 1729
9 1729
12 1729
14 1729
15 1729
15 1729
15 1729
18 1729
28 1729
48 1729
80 1729
118 1729
156 1729
188 1729
210 1729
222 1729
226 1729
226 1729
226 1729
229 1729
239 1729
259 1729
293 1729
341 1729
399 1729
463 1729
527 1729
579 1729
614 1729
628 1729
628 1729
626 1729
640 1729
683 1729
755 1729
841 1729
917 1729
964 1729
976 1729
960 1729
928 1744
894 1744
866 1744
847 1744
837 1744
831 1744
829 1744
829 1744
829 1744
826 1744
816 1744
796 1744
762 1744
714 1744
656 1744
592 1744
528 1744
475 1744
439 1744
423 1744
421 1744
420 1744
403 1744
358 1744
285 1744
199 1744
123 1744
73 1744
51 1744
47 1744
47 1744
43 1744
33 1744
20 1744
8 1744
2 1744
0 1744
0 1744
0 1744
0 1744
0 1744
0 1744
0 1744
0 1744
0 1744
0 1744
0 1744
0 1744
0 1744
0 1744
0 1744
0 1744
0 1744
0 1744
0 1744
0 1744
1 1744
2 1744
4 1744
6 1744
8 1744
11 1744
13 1744
15 1744
16 1744
16 1744
16 1744
18 1744
27 1744
47 1744
83 1744
131 1744
181 1744
229 1744
265 1744
285 1744
294 1744
295 1744
295 1744
299 1744
313 1744
343 1744
393 1744
460 1744
543 1744
629 1744
711 1744
777 1744
815 1744
827 1744
825 1744
827 1744
857 1744
928 1744
1035 1744
1159 1744
1267 1744
1335 1744
1358 1744
1345 1744
1309 1792
1265 1792
1225 1792
1191 1792
1169 1792
1161 1792
1159 1792
1162 1792
1164 1792
1161 1792
1147 1817
1117 1817
1067 1817
1000 1817
917 1817
831 1817
748 1817
681 1817
641 1817
627 1817
627 1817
622 1817
590 1817
517 1817
409 1817
285 1817
177 1817
107 1817
75 1817
68 1817
68 1817
64 1817
54 1817
40 1817
26 1817
14 1817
7 1817
3 1817
1 1817
0 1817
0 1817
0 1817
0 1817
0 1817
0 1817
0 1817
0 1817
0 1817
0 1817
0 1817
0 1817
0 1817
0 1817
0 1817
0 1817
1 1817
3 1817
6 1817
10 1817
14 1817
19 1817
25 1817
31 1817
36 1817
40 1817
41 1817
41 1817
42 1817
50 1817
70 1817
108 1817
161 1817
222 1817
283 1817
333 1817
369 1817
388 1817
394 1817
394 1817
395 1817
404 1817
430 1817
475 1817
542 1817
628 1817
724 1817
822 1817
905 1817
965 1817
995 1817
998 1817
992 1817
1005 1823
1061 1823
1169 1823
1313 1823
1462 1823
1581 1823
1643 1823
1649 1823
1614 1823
1561 1889
1509 1889
1465 1889
1437 1889
1421 1889
1416 1889
1419 1889
1424 1889
1426 1889
1418 1889
1392 1927
1347 1927
1280 1927
1194 1927
1097 1927
997 1927
911 1927
847 1927
813 1927
805 1927
805 1927
786 1927
725 1927
613 1927
468 1927
319 1927
199 1927
129 1927
103 1927
100 1927
100 1927
91 1927
74 1927
52 1927
32 1927
18 1927
9 1927
4 1927
1 1927
0 1927
0 1927
0 1927
0 1927
0 1927
0 1927
0 1927
0 1927
0 1927
0 1927
0 1927
0 1927
0 1927
0 1927
0 1927
0 1927
0 1927
1 1927
3 1927
6 1927
10 1927
15 1927
21 1927
28 1927
35 1927
40 1927
43 1927
43 1927
43 1927
48 1927
65 1927
99 1927
147 1927
203 1927
259 1927
309 1927
347 1927
371 1927
383 1927
385 1927
385 1927
389 1927
406 1927
440 1927
488 1927
544 1927
597 1927
639 1927
669 1927
688 1927
696 1927
695 1927
689 1891
684 1891
689 1891
714 1891
759 1891
817 1891
867 1891
896 1891
893 1891
861 1878
813 1878
759 1878
707 1878
663 1878
631 1878
613 1878
607 1878
610 1878
615 1878
615 1878
600 1878
567 1878
519 1878
463 1878
410 1878
367 1878
335 1878
313 1878
301 1878
297 1878
297 1878
295 1878
283 1878
253 1878
205 1878
147 1878
97 1878
63 1878
49 1878
47 1878
47 1878
45 1878
41 1878
35 1878
29 1878
23 1878
17 1878
12 1878
7 1878
3 1878
1 1878
0 1878
0 1878
0 1878
0 1878
0 1878
0 1878
0 1878
0 1878
0 1878
0 1878
0 1878
0 1878
0 1878
0 1878
1 1878
3 1878
5 1878
8 1878
11 1878
15 1878
19 1878
22 1878
24 1878
25 1878
25 1878
26 1878
33 1878
52 1878
88 1878
138 1878
194 1878
247 1878
290 1878
318 1878
330 1878
332 1878
332 1878
336 1878
349 1878
377 1878
422 1878
480 1878
547 1878
614 1878
677 1878
728 1878
766 1878
783 1878
784 1878
780 1878
788 1856
825 1856
893 1856
985 1856
1078 1856
1147 1856
1180 1856
1175 1856
1141 1874
1091 1874
1036 1874
986 1874
947 1874
922 1874
912 1874
912 1874
914 1874
912 1874
902 1865
878 1865
837 1865
783 1865
718 1865
652 1865
588 1865
535 1865
495 1865
475 1865
471 1865
471 1865
459 1865
419 1865
349 1865
256 1865
163 1865
93 1865
53 1865
39 1865
37 1865
37 1865
36 1865
33 1865
29 1865
26 1865
24 1865
22 1865
20 1865
18 1865
15 1865
11 1865
7 1865
3 1865
1 1865
0 1865
0 1865
0 1865
0 1865
0 1865
0 1865
0 1865
0 1865
0 1865
0 1865
0 1865
0 1865
1 1865
2 1865
4 1865
6 1865
9 1865
13 1865
17 1865
19 1865
19 1865
19 1865
21 1865
30 1865
52 1865
86 1865
126 1865
166 1865
198 1865
220 1865
232 1865
236 1865
236 1865
236 1865
240 1865
253 1865
277 1865
309 1865
349 1865
392 1865
437 1865
480 1865
517 1865
546 1865
561 1865
563 1865
560 1865
565 1825
595 1825
660 1825
750 1825
840 1825
902 1825
927 1825
914 1825
880 1823
841 1823
807 1823
784 1823
771 1823
766 1823
766 1823
769 1823
771 1823
768 1823
755 1807
731 1807
699 1807
659 1807
616 1807
571 1807
528 1807
490 1807
460 1807
443 1807
439 1807
439 1807
430 1807
396 1807
329 1807
239 1807
149 1807
85 1807
51 1807
42 1807
42 1807
41 1807
35 1807
26 1807
17 1807
10 1807
6 1807
3 1807
1 1807
0 1807
0 1807
0 1807
0 1807
0 1807
0 1807
0 1807
0 1807
0 1807
0 1807
0 1807
0 1807
0 1807
0 1807
0 1807
0 1807
0 1807
0 1807
0 1807
0 1807
1 1807
3 1807
6 1807
10 1807
14 1807
18 1807
20 1807
20 1807
20 1807
23 1807
35 1807
59 1807
95 1807
135 1807
173 1807
207 1807
229 1807
242 1807
246 1807
246 1807
246 1807
250 1807
262 1807
286 1807
324 1807
372 1807
428 1807
489 1807
547 1807
600 1807
642 1807
666 1807
671 1807
667 1807
671 1784
701 1784
766 1784
863 1784
963 1784
1040 1784
1073 1784
1065 1784
1030 1801
990 1801
957 1801
931 1801
918 1801
912 1801
912 1801
914 1801
915 1801
911 1801
899 1801
875 1801
837 1801
789 1801
733 1801
672 1801
614 1801
561 1801
518 1801
492 1801
484 1801
484 1801
476 1801
442 1801
375 1801
278 1801
178 1801
98 1801
53 1801
37 1801
36 1801
36 1801
31 1801
23 1801
14 1801
7 1801
3 1801
1 1801
0 1801
0 1801
0 1801
0 1801
0 1801
0 1801
0 1801
0 1801
0 1801
0 1801
0 1801
0 1801
0 1801
0 1801
0 1801
0 1801
0 1801
0 1801
0 1801
0 1801
0 1801
1 1801
2 1801
4 1801
7 1801
11 1801
15 1801
17 1801
18 1801
18 1801
18 1801
22 1801
35 1801
57 1801
89 1801
125 1801
159 1801
187 1801
206 1801
215 1801
217 1801
217 1801
218 1801
226 1801
243 1801
273 1801
313 1801
361 1801
411 1801
459 1801
504 1801
541 1801
566 1801
576 1801
574 1801
572 1770
590 1770
644 1770
733 1770
837 1770
927 1770
981 1770
992 1770
974 1770
942 1781
910 1781
885 1781
869 1781
860 1781
859 1781
862 1781
865 1781
866 1781
859 1781
842 1780
812 1780
772 1780
724 1780
674 1780
626 1780
581 1780
543 1780
517 1780
505 1780
504 1780
502 1780
480 1780
424 1780
334 1780
230 1780
140 1780
82 1780
58 1780
54 1780
54 1780
50 1780
41 1780
29 1780
19 1780
11 1780
6 1780
3 1780
1 1780
0 1780
0 1780
0 1780
0 1780
0 1780
0 1780
0 1780
0 1780
0 1780
0 1780
0 1780
0 1780
0 1780
0 1780
0 1780
0 1780
0 1780
0 1780
0 1780
0 1780
1 1780
2 1780
4 1780
6 1780
8 1780
9 1780
9 1780
9 1780
9 1780
11 1780
17 1780
31 1780
53 1780
81 1780
111 1780
137 1780
157 1780
170 1780
177 1780
179 1780
179 1780
179 1780
183 1780
192 1780
211 1780
243 1780
288 1780
344 1780
408 1780
478 1780
541 1780
585 1780
603 1780
603 1780
604 1780
633 1780
706 1780
826 1780
962 1780
1084 1780
1164 1780
1193 1780
1183 1780
1155 1809
1129 1809
1116 1809
1115 1809
1119 1809
1126 1809
1133 1809
1138 1809
1141 1809
1138 1809
1129 1829
1110 1829
1078 1829
1033 1829
977 1829
913 1829
843 1829
779 1829
734 1829
714 1829
712 1829
709 1829
679 1829
606 1829
486 1829
350 1829
226 1829
140 1829
97 1829
85 1829
85 1829
81 1829
68 1829
49 1829
32 1829
18 1829
9 1829
4 1829
1 1829
0 1829
0 1829
0 1829
0 1829
0 1829
0 1829
0 1829
0 1829
0 1829
0 1829
0 1829
0 1829
0 1829
0 1829
0 1829
0 1829
0 1829
1 1829
2 1829
4 1829
6 1829
8 1829
9 1829
10 1829
11 1829
12 1829
12 1829
12 1829
12 1829
12 1829
17 1829
30 1829
54 1829
86 1829
122 1829
156 1829
184 1829
203 1829
213 1829
217 1829
217 1829
217 1829
223 1829
240 1829
272 1829
317 1829
370 1829
419 1829
461 1829
493 1829
511 1829
518 1829
518 1829
517 1829
524 1829
549 1829
597 1829
658 1829
722 1829
772 1829
795 1829
791 1829
767 1815
736 1815
708 1815
687 1815
673 1815
667 1815
667 1815
671 1815
678 1815
683 1815
681 1815
665 1792
633 1792
588 1792
537 1792
492 1792
456 1792
428 1792
412 1792
404 1792
403 1792
403 1792
395 1792
369 1792
321 1792
260 1792
197 1792
148 1792
121 1792
112 1792
112 1792
111 1792
103 1792
90 1792
76 1792
63 1792
53 1792
45 1792
38 1792
33 1792
29 1792
28 1792
28 1792
28 1792
26 1792
21 1792
14 1792
8 1792
4 1792
3 1792
3 1792
3 1792
3 1792
3 1792
3 1792
3 1792
2 1792
1 1792
1 1792
2 1792
3 1792
4 1792
5 1792
6 1792
7 1792
7 1792
7 1792
7 1792
8 1792
12 1792
22 1792
41 1792
67 1792
99 1792
133 1792
163 1792
189 1792
206 1792
213 1792
214 1792
214 1792
218 1792
234 1792
266 1792
319 1792
392 1792
478 1792
571 1792
656 1792
722 1792
761 1792
772 1792
771 1792
780 1780
824 1780
910 1780
1030 1780
1154 1780
1253 1780
1310 1780
1326 1780
1311 1780
1285 1821
1257 1821
1232 1821
1214 1821
1200 1821
1192 1821
1192 1821
1195 1821
1197 1821
1194 1821
1178 1845
1146 1845
1093 1845
1020 1845
934 1845
841 1845
755 1845
688 1845
648 1845
636 1845
636 1845
626 1845
581 1845
495 1845
375 1845
251 1845
151 1845
90 1845
64 1845
60 1845
60 1845
56 1845
47 1845
35 1845
23 1845
14 1845
7 1845
3 1845
1 1845
0 1845
0 1845
0 1845
0 1845
0 1845
0 1845
0 1845
0 1845
0 1845
0 1845
0 1845
0 1845
0 1845
0 1845
0 1845
0 1845
0 1845
0 1845
0 1845
0 1845
0 1845
1 1845
2 1845
3 1845
5 1845
7 1845
8 1845
8 1845
8 1845
8 1845
9 1845
13 1845
23 1845
39 1845
59 1845
83 1845
107 1845
127 1845
141 1845
149 1845
151 1845
151 1845
155 1845
169 1845
199 1845
247 1845
308 1845
375 1845
442 1845
503 1845
546 1845
565 1845
567 1845
567 1845
585 1845
641 1845
733 1845
845 1845
945 1845
1015 1845
1050 1845
1055 1845
1045 1845
1031 1853
1019 1853
1008 1853
997 1853
987 1853
980 1853
976 1853
976 1853
977 1853
973 1853
959 1852
929 1852
881 1852
820 1852
753 1852
686 1852
625 1852
582 1852
562 1852
559 1852
558 1852
538 1852
480 1852
387 1852
275 1852
175 1852
105 1852
69 1852
60 1852
60 1852
58 1852
50 1852
37 1852
24 1852
14 1852
7 1852
3 1852
1 1852
0 1852
0 1852
0 1852
0 1852
0 1852
0 1852
0 1852
0 1852
0 1852
0 1852
0 1852
0 1852
0 1852
0 1852
0 1852
0 1852
0 1852
0 1852
0 1852
0 1852
1 1852
3 1852
6 1852
10 1852
13 1852
15 1852
16 1852
16 1852
16 1852
16 1852
16 1852
18 1852
24 1852
37 1852
57 1852
83 1852
113 1852
141 1852
167 1852
186 1852
196 1852
199 1852
199 1852
202 1852
216 1852
250 1852
303 1852
376 1852
462 1852
548 1852
623 1852
677 1852
704 1852
708 1852
705 1852
715 1827
759 1827
842 1827
950 1827
1058 1827
1144 1827
1192 1827
1206 1827
1197 1827
1177 1851
1153 1851
1128 1851
1107 1851
1088 1851
1076 1851
1073 1851
1076 1851
1081 1851
1082 1851
1070 1851
1037 1861
984 1861
911 1861
825 1861
739 1861
663 1861
607 1861
577 1861
569 1861
569 1861
557 1861
512 1861
429 1861
321 1861
213 1861
127 1861
77 1861
57 1861
53 1861
53 1861
51 1861
46 1861
39 1861
32 1861
25 1861
18 1861
12 1861
7 1861
3 1861
1 1861
0 1861
0 1861
0 1861
0 1861
0 1861
0 1861
0 1861
0 1861
0 1861
0 1861
0 1861
0 1861
0 1861
0 1861
0 1861
0 1861
1 1861
3 1861
6 1861
10 1861
14 1861
18 1861
20 1861
21 1861
21 1861
21 1861
21 1861
25 1861
38 1861
64 1861
104 1861
154 1861
207 1861
252 1861
286 1861
305 1861
310 1861
310 1861
314 1861
331 1861
367 1861
423 1861
496 1861
576 1861
656 1861
726 1861
781 1861
815 1861
826 1861
823 1861
822 1845
842 1845
898 1845
987 1845
1087 1845
1173 1845
1229 1845
1251 1845
1243 1845
1217 1871
1178 1871
1131 1871
1082 1871
1040 1871
1008 1871
990 1871
985 1871
985 1871
982 1871
966 1871
931 1871
876 1871
804 1871
724 1871
644 1871
574 1871
518 1871
482 1871
468 1871
467 1871
464 1871
440 1871
382 1871
292 1871
192 1871
106 1871
50 1871
24 1871
19 1871
19 1871
18 1871
15 1871
11 1871
8 1871
6 1871
5 1871
5 1871
5 1871
4 1871
3 1871
2 1871
1 1871
0 1871
0 1871
0 1871
0 1871
0 1871
0 1871
0 1871
0 1871
0 1871
0 1871
0 1871
0 1871
0 1871
0 1871
0 1871
1 1871
3 1871
5 1871
8 1871
12 1871
16 1871
20 1871
23 1871
25 1871
26 1871
26 1871
27 1871
34 1871
53 1871
89 1871
139 1871
195 1871
248 1871
291 1871
319 1871
331 1871
332 1871
332 1871
341 1871
367 1871
412 1871
473 1871
543 1871
613 1871
677 1871
726 1871
758 1871
773 1871
774 1871
770 1871
776 1849
808 1849
872 1849
960 1849
1045 1849
1112 1849
1147 1849
1150 1849
1131 1849
1096 1866
1053 1866
1007 1866
964 1866
929 1866
906 1866
897 1866
897 1866
897 1866
888 1866
862 1866
817 1866
756 1866
686 1866
616 1866
552 1866
502 1866
468 1866
451 1866
447 1866
447 1866
437 1866
401 1866
334 1866
244 1866
158 1866
91 1866
55 1866
45 1866
45 1866
44 1866
37 1866
27 1866
17 1866
9 1866
4 1866
1 1866
0 1866
0 1866
0 1866
0 1866
0 1866
0 1866
0 1866
0 1866
0 1866
0 1866
0 1866
0 1866
0 1866
0 1866
0 1866
0 1866
0 1866
0 1866
0 1866
0 1866
0 1866
1 1866
4 1866
8 1866
13 1866
17 1866
20 1866
21 1866
21 1866
21 1866
21 1866
23 1866
30 1866
47 1866
77 1866
120 1866
170 1866
218 1866
258 1866
284 1866
296 1866
298 1866
298 1866
303 1866
320 1866
354 1866
404 1866
468 1866
544 1866
627 1866
710 1866
782 1866
829 1866
847 1866
844 1866
844 1852
873 1852
945 1852
1049 1852
1161 1852
1247 1852
1295 1852
1305 1852
1289 1852
1260 1882
1224 1882
1186 1882
1150 1882
1118 1882
1095 1882
1083 1882
1081 1882
1081 1882
1076 1882
1059 1882
1025 1882
975 1882
911 1882
835 1882
752 1882
669 1882
596 1882
546 1882
524 1882
522 1882
518 1882
486 1882
413 1882
309 1882
197 1882
111 1882
61 1882
44 1882
43 1882
42 1882
35 1882
23 1882
11 1882
3 1882
0 1882
0 1882
0 1882
0 1882
0 1882
0 1882
0 1882
0 1882
0 1882
0 1882
0 1882
0 1882
0 1882
0 1882
0 1882
0 1882
0 1882
0 1882
0 1882
0 1882
0 1882
0 1882
1 1882
2 1882
4 1882
6 1882
9 1882
12 1882
16 1882
20 1882
24 1882
26 1882
26 1882
27 1882
36 1882
64 1882
114 1882
184 1882
257 1882
321 1882
364 1882
386 1882
392 1882
392 1882
394 1882
406 1882
432 1882
477 1882
538 1882
611 1882
691 1882
771 1882
843 1882
900 1882
934 1882
944 1882
941 1882
945 1875
977 1875
1049 1875
1153 1875
1263 1875
1353 1875
1405 1875
1418 1875
1394 1875
1344 1913
1277 1913
1211 1913
1155 1913
1120 1913
1104 1913
1102 1913
1105 1913
1105 1913
1094 1913
1068 1913
1023 1913
962 1913
889 1913
809 1913
729 1913
656 1913
598 1913
562 1913
550 1913
550 1913
543 1913
507 1913
431 1913
323 1913
211 1913
121 1913
68 1913
46 1913
42 1913
42 1913
39 1913
32 1913
24 1913
16 1913
10 1913
6 1913
3 1913
1 1913
0 1913
0 1913
0 1913
0 1913
0 1913
0 1913
0 1913
0 1913
0 1913
0 1913
0 1913
0 1913
0 1913
0 1913
0 1913
1 1913
3 1913
5 1913
8 1913
12 1913
17 1913
23 1913
29 1913
34 1913
38 1913
40 1913
40 1913
40 1913
43 1913
52 1913
72 1913
106 1913
151 1913
201 1913
251 1913
294 1913
324 1913
340 1913
345 1913
345 1913
345 1913
350 1913
364 1913
390 1913
426 1913
470 1913
521 1913
577 1913
630 1913
674 1913
701 1913
708 1913
703 1913
700 1880
713 1880
754 1880
821 1880
897 1880
964 1880
1003 1880
1007 1880
979 1880
934 1879
886 1879
842 1879
807 1879
785 1879
775 1879
774 1879
776 1879
777 1879
773 1879
759 1857
733 1857
697 1857
652 1857
599 1857
541 1857
485 1857
437 1857
405 1857
392 1857
391 1857
389 1857
372 1857
329 1857
262 1857
186 1857
116 1857
68 1857
44 1857
38 1857
38 1857
36 1857
30 1857
22 1857
14 1857
8 1857
4 1857
2 1857
1 1857
0 1857
0 1857
0 1857
0 1857
0 1857
0 1857
0 1857
0 1857
0 1857
0 1857
0 1857
0 1857
0 1857
0 1857
0 1857
0 1857
0 1857
0 1857
0 1857
1 1857
3 1857
8 1857
16 1857
28 1857
42 1857
56 1857
68 1857
76 1857
80 1857
80 1857
80 1857
85 1857
101 1857
131 1857
174 1857
230 1857
288 1857
341 1857
381 1857
407 1857
420 1857
423 1857
423 1857
425 1857
435 1857
457 1857
495 1857
551 1857
624 1857
709 1857
797 1857
872 1857
920 1857
934 1857
923 1857
913 1852
935 1852
1007 1852
1123 1852
1259 1852
1379 1852
1454 1852
1474 1852
1453 1852
1410 1898
1356 1898
1307 1898
1267 1898
1243 1898
1231 1898
1228 1898
1232 1898
1236 1898
1236 1898
1226 1898
1204 1898
1166 1898
1110 1898
1037 1898
951 1898
861 1898
781 1898
725 1898
699 1898
696 1898
692 1898
658 1898
578 1898
458 1898
322 1898
202 1898
122 1898
86 1898
77 1898
77 1898
75 1898
66 1898
53 1898
37 1898
23 1898
13 1898
6 1898
2 1898
0 1898
0 1898
0 1898
0 1898
0 1898
0 1898
0 1898
0 1898
0 1898
0 1898
0 1898
0 1898
0 1898
0 1898
0 1898
0 1898
0 1898
0 1898
0 1898
1 1898
3 1898
7 1898
11 1898
15 1898
20 1898
25 1898
29 1898
31 1898
31 1898
31 1898
34 1898
46 1898
70 1898
106 1898
149 1898
192 1898
230 1898
260 1898
280 1898
290 1898
294 1898
294 1898
295 1898
304 1898
326 1898
360 1898
400 1898
445 1898
485 1898
520 1898
544 1898
557 1898
563 1898
562 1898
557 1853
554 1853
564 1853
596 1853
646 1853
704 1853
751 1853
773 1853
763 1853
730 1834
687 1834
645 1834
611 1834
587 1834
573 1834
568 1834
568 1834
572 1834
575 1834
569 1834
549 1798
516 1798
476 1798
431 1798
391 1798
355 1798
329 1798
312 1798
302 1798
299 1798
299 1798
297 1798
283 1798
249 1798
199 1798
141 1798
91 1798
57 1798
43 1798
40 1798
40 1798
39 1798
35 1798
29 1798
23 1798
18 1798
14 1798
10 1798
6 1798
3 1798
1 1798
0 1798
0 1798
0 1798
0 1798
0 1798
0 1798
0 1798
0 1798
0 1798
0 1798
0 1798
0 1798
0 1798
0 1798
0 1798
0 1798
1 1798
2 1798
3 1798
4 1798
5 1798
6 1798
7 1798
8 1798
8 1798
8 1798
8 1798
12 1798
24 1798
46 1798
78 1798
114 1798
148 1798
176 1798
193 1798
201 1798
203 1798
203 1798
204 1798
211 1798
227 1798
253 1798
291 1798
336 1798
384 1798
429 1798
471 1798
506 1798
531 1798
543 1798
544 1798
543 1798
555 1764
592 1764
659 1764
742 1764
822 1764
876 1764
894 1764
881 1764
849 1767
813 1767
781 1767
756 1767
742 1767
736 1767
735 1767
736 1767
736 1767
730 1767
715 1767
690 1767
653 1767
608 1767
560 1767
515 1767
472 1767
436 1767
410 1767
397 1767
395 1767
395 1767
382 1767
344 1767
277 1767
194 1767
114 1767
56 1767
26 1767
17 1767
17 1767
17 1767
15 1767
12 1767
9 1767
7 1767
6 1767
5 1767
4 1767
3 1767
2 1767
1 1767
0 1767
0 1767
0 1767
0 1767
0 1767
0 1767
0 1767
0 1767
0 1767
0 1767
0 1767
0 1767
0 1767
0 1767
0 1767
0 1767
1 1767
2 1767
4 1767
6 1767
8 1767
10 1767
11 1767
12 1767
12 1767
12 1767
12 1767
16 1767
28 1767
50 1767
82 1767
120 1767
158 1767
190 1767
210 1767
220 1767
223 1767
223 1767
225 1767
237 1767
263 1767
306 1767
362 1767
423 1767
487 1767
545 1767
592 1767
623 1767
635 1767
636 1767
634 1767
642 1745
675 1745
738 1745
824 1745
917 1745
990 1745
1029 1745
1033 1745
1012 1745
981 1763
949 1763
923 1763
904 1763
894 1763
891 1763
892 1763
895 1763
895 1763
884 1763
858 1763
815 1763
759 1763
698 1763
634 1763
576 1763
528 1763
496 1763
482 1763
479 1763
479 1763
469 1763
435 1763
371 1763
285 1763
192 1763
119 1763
76 1763
60 1763
59 1763
58 1763
52 1763
40 1763
27 1763
17 1763
10 1763
6 1763
3 1763
1 1763
0 1763
0 1763
0 1763
0 1763
0 1763
0 1763
0 1763
0 1763
0 1763
0 1763
0 1763
0 1763
0 1763
0 1763
0 1763
0 1763
0 1763
0 1763
0 1763
1 1763
2 1763
4 1763
7 1763
10 1763
13 1763
15 1763
16 1763
16 1763
16 1763
16 1763
18 1763
26 1763
43 1763
71 1763
107 1763
147 1763
185 1763
215 1763
235 1763
244 1763
246 1763
246 1763
250 1763
264 1763
294 1763
342 1763
406 1763
479 1763
555 1763
621 1763
673 1763
705 1763
714 1763
711 1763
712 1750
734 1750
786 1750
866 1750
952 1750
1025 1750
1068 1750
1077 1750
1062 1750
1034 1771
1004 1771
974 1771
948 1771
927 1771
912 1771
905 1771
903 1771
903 1771
899 1771
885 1771
855 1771
807 1771
743 1771
670 1771
594 1771
527 1771
474 1771
440 1771
428 1771
428 1771
424 1771
400 1771
347 1771
267 1771
181 1771
108 1771
63 1771
46 1771
44 1771
44 1771
38 1771
28 1771
16 1771
7 1771
2 1771
0 1771
0 1771
0 1771
0 1771
0 1771
0 1771
0 1771
0 1771
0 1771
0 1771
0 1771
0 1771
0 1771
0 1771
0 1771
0 1771
0 1771
0 1771
0 1771
0 1771
0 1771
1 1771
2 1771
4 1771
6 1771
9 1771
12 1771
15 1771
17 1771
19 1771
19 1771
19 1771
20 1771
27 1771
44 1771
76 1771
121 1771
174 1771
224 1771
264 1771
290 1771
302 1771
305 1771
305 1771
307 1771
317 1771
341 1771
379 1771
435 1771
502 1771
575 1771
647 1771
707 1771
750 1771
770 1771
771 1771
768 1771
777 1762
811 1762
873 1762
953 1762
1029 1762
1086 1762
1115 1762
1112 1762
1083 1786
1038 1786
986 1786
940 1786
905 1786
884 1786
876 1786
876 1786
878 1786
877 1786
867 1784
843 1784
805 1784
749 1784
682 1784
609 1784
536 1784
475 1784
430 1784
408 1784
404 1784
404 1784
392 1784
356 1784
292 1784
212 1784
136 1784
78 1784
42 1784
28 1784
25 1784
25 1784
24 1784
20 1784
15 1784
10 1784
6 1784
3 1784
1 1784
0 1784
0 1784
0 1784
0 1784
0 1784
0 1784
0 1784
0 1784
0 1784
0 1784
0 1784
0 1784
0 1784
0 1784
0 1784
0 1784
0 1784
1 1784
3 1784
6 1784
10 1784
15 1784
21 1784
28 1784
36 1784
43 1784
48 1784
50 1784
50 1784
50 1784
54 1784
70 1784
100 1784
145 1784
203 1784
261 1784
314 1784
352 1784
376 1784
386 1784
387 1784
387 1784
392 1784
408 1784
440 1784
490 1784
560 1784
642 1784
730 1784
813 1784
879 1784
914 1784
921 1784
914 1784
918 1787
959 1787
1044 1787
1162 1787
1286 1787
1383 1787
1437 1787
1445 1787
1419 1787
1374 1839
1321 1839
1275 1839
1236 1839
1212 1839
1200 1839
1197 1839
1200 1839
1203 1839
1199 1839
1183 1861
1151 1861
1101 1861
1031 1861
948 1861
858 1861
772 1861
702 1861
662 1861
649 1861
649 1861
637 1861
589 1861
499 1861
379 1861
255 1861
158 1861
100 1861
76 1861
72 1861
72 1861
67 1861
55 1861
41 1861
27 1861
15 1861
8 1861
4 1861
1 1861
0 1861
0 1861
0 1861
0 1861
0 1861
0 1861
0 1861
0 1861
0 1861
0 1861
0 1861
0 1861
0 1861
0 1861
0 1861
0 1861
0 1861
0 1861
0 1861
1 1861
3 1861
5 1861
7 1861
10 1861
12 1861
14 1861
15 1861
15 1861
15 1861
17 1861
25 1861
42 1861
70 1861
104 1861
140 1861
172 1861
194 1861
208 1861
213 1861
213 1861
213 1861
217 1861
229 1861
253 1861
291 1861
341 1861
399 1861
460 1861
518 1861
565 1861
595 1861
605 1861
603 1861
604 1825
628 1825
684 1825
769 1825
866 1825
952 1825
1006 1825
1024 1825
1013 1825
985 1833
953 1833
923 1833
899 1833
885 1833
879 1833
881 1833
887 1833
891 1833
891 1833
881 1833
858 1833
820 1833
770 1833
712 1833
651 1833
593 1833
545 1833
513 1833
501 1833
501 1833
497 1833
471 1833
413 1833
327 1833
230 1833
144 1833
88 1833
62 1833
56 1833
56 1833
54 1833
48 1833
40 1833
32 1833
24 1833
17 1833
11 1833
7 1833
3 1833
1 1833
0 1833
0 1833
0 1833
0 1833
0 1833
0 1833
0 1833
0 1833
0 1833
0 1833
0 1833
0 1833
0 1833
0 1833
0 1833
0 1833
0 1833
0 1833
1 1833
3 1833
6 1833
9 1833
11 1833
13 1833
14 1833
14 1833
14 1833
14 1833
16 1833
22 1833
36 1833
62 1833
98 1833
141 1833
184 1833
220 1833
244 1833
254 1833
255 1833
255 1833
262 1833
284 1833
324 1833
380 1833
447 1833
520 1833
593 1833
657 1833
706 1833
734 1833
741 1833
738 1833
740 1813
766 1813
826 1813
919 1813
1023 1813
1109 1813
1165 1813
1185 1813
1177 1813
1151 1837
1116 1837
1077 1837
1040 1837
1010 1837
992 1837
987 1837
990 1837
994 1837
990 1837
970 1840
931 1840
875 1840
808 1840
735 1840
662 1840
598 1840
548 1840
518 1840
508 1840
508 1840
504 1840
476 1840
415 1840
322 1840
218 1840
132 1840
74 1840
48 1840
42 1840
42 1840
41 1840
37 1840
31 1840
25 1840
19 1840
14 1840
10 1840
6 1840
3 1840
1 1840
0 1840
0 1840
0 1840
0 1840
0 1840
0 1840
0 1840
0 1840
0 1840
0 1840
0 1840
0 1840
0 1840
0 1840
0 1840
0 1840
0 1840
1 1840
2 1840
3 1840
5 1840
7 1840
9 1840
11 1840
12 1840
12 1840
12 1840
13 1840
18 1840
30 1840
52 1840
82 1840
118 1840
156 1840
192 1840
222 1840
242 1840
251 1840
252 1840
252 1840
260 1840
286 1840
336 1840
412 1840
505 1840
605 1840
698 1840
773 1840
822 1840
841 1840
841 1840
841 1840
863 1840
919 1840
1011 1840
1123 1840
1227 1840
1302 1840
1337 1840
1338 1840
1316 1840
1287 1875
1257 1875
1229 1875
1205 1875
1185 1875
1172 1875
1168 1875
1171 1875
1173 1875
1166 1875
1140 1890
1090 1890
1014 1890
921 1890
821 1890
728 1890
652 1890
602 1890
582 1890
580 1890
578 1890
554 1890
496 1890
403 1890
291 1890
187 1890
111 1890
71 1890
58 1890
58 1890
57 1890
51 1890
41 1890
29 1890
19 1890
12 1890
7 1890
3 1890
1 1890
0 1890
0 1890
0 1890
0 1890
0 1890
0 1890
0 1890
0 1890
0 1890
0 1890
0 1890
0 1890
0 1890
0 1890
0 1890
0 1890
0 1890
0 1890
0 1890
1 1890
3 1890
6 1890
9 1890
12 1890
14 1890
15 1890
15 1890
15 1890
15 1890
17 1890
24 1890
40 1890
68 1890
106 1890
151 1890
196 1890
236 1890
268 1890
285 1890
290 1890
290 1890
292 1890
306 1890
340 1890
396 1890
472 1890
558 1890
648 1890
731 1890
794 1890
830 1890
841 1890
839 1890
839 1872
859 1872
911 1872
991 1872
1081 1872
1161 1872
1212 1872
1229 1872
1217 1872
1189 1893
1155 1893
1119 1893
1086 1893
1058 1893
1035 1893
1024 1893
1022 1893
1023 1893
1021 1893
1007 1892
973 1892
918 1892
843 1892
758 1892
669 1892
587 1892
523 1892
485 1892
471 1892
470 1892
467 1892
445 1892
392 1892
312 1892
222 1892
142 1892
89 1892
65 1892
61 1892
61 1892
57 1892
48 1892
36 1892
24 1892
15 1892
9 1892
6 1892
5 1892
5 1892
5 1892
5 1892
4 1892
3 1892
2 1892
1 1892
0 1892
0 1892
0 1892
0 1892
0 1892
0 1892
0 1892
0 1892
0 1892
0 1892
0 1892
0 1892
1 1892
3 1892
5 1892
8 1892
11 1892
14 1892
17 1892
19 1892
20 1892
20 1892
20 1892
24 1892
40 1892
72 1892
120 1892
178 1892
236 1892
286 1892
322 1892
341 1892
346 1892
346 1892
348 1892
361 1892
391 1892
441 1892
508 1892
591 1892
677 1892
760 1892
829 1892
877 1892
901 1892
904 1892
901 1892
912 1880
954 1880
1038 1880
1149 1880
1261 1880
1347 1880
1393 1880
1396 1880
1366 1880
1318 1915
1265 1915
1217 1915
1179 1915
1153 1915
1141 1915
1140 1915
1142 1915
1141 1915
1129 1923
1099 1923
1049 1923
982 1923
899 1923
813 1923
730 1923
660 1923
610 1923
584 1923
578 1923
578 1923
564 1923
519 1923
433 1923
321 1923
209 1923
123 1923
73 1923
54 1923
52 1923
52 1923
47 1923
37 1923
25 1923
15 1923
8 1923
4 1923
2 1923
1 1923
0 1923
0 1923
0 1923
0 1923
0 1923
0 1923
0 1923
0 1923
0 1923
0 1923
0 1923
0 1923
0 1923
0 1923
0 1923
0 1923
0 1923
0 1923
1 1923
3 1923
6 1923
10 1923
14 1923
19 1923
25 1923
30 1923
34 1923
36 1923
37 1923
37 1923
38 1923
44 1923
61 1923
95 1923
145 1923
209 1923
273 1923
326 1923
364 1923
384 1923
391 1923
391 1923
391 1923
397 1923
414 1923
446 1923
494 1923
561 1923
646 1923
741 1923
835 1923
911 1923
957 1923
971 1923
965 1923
968 1913
1007 1913
1098 1913
1229 1913
1369 1913
1484 1913
1551 1913
1566 1913
1538 1913
1488 1960
1428 1960
1376 1960
1339 1960
1317 1960
1310 1960
1312 1960
1318 1960
1321 1960
1317 1960
1300 1979
1268 1979
1220 1979
1153 1979
1067 1979
970 1979
873 1979
793 1979
743 1979
724 1979
724 1979
716 1979
673 1979
580 1979
448 1979
308 1979
192 1979
119 1979
87 1979
81 1979
81 1979
77 1979
65 1979
49 1979
33 1979
20 1979
11 1979
5 1979
2 1979
0 1979
0 1979
0 1979
0 1979
0 1979
0 1979
0 1979
0 1979
0 1979
0 1979
0 1979
0 1979
0 1979
0 1979
0 1979
0 1979
0 1979
0 1979
0 1979
1 1979
2 1979
4 1979
7 1979
10 1979
13 1979
16 1979
18 1979
19 1979
19 1979
19 1979
21 1979
29 1979
49 1979
83 1979
131 1979
184 1979
234 1979
272 1979
296 1979
308 1979
310 1979
310 1979
314 1979
328 1979
360 1979
410 1979
480 1979
563 1979
649 1979
728 1979
791 1979
829 1979
842 1979
840 1979
840 1951
863 1951
922 1951
1014 1951
1122 1951
1219 1951
1284 1951
1310 1951
1299 1951
1265 1969
1217 1969
1168 1969
1124 1969
1093 1969
1076 1969
1071 1969
1075 1969
1080 1969
1080 1969
1069 1969
1038 1969
988 1969
918 1969
835 1969
749 1969
669 1969
605 1969
565 1969
549 1969
548 1969
545 1969
519 1969
458 1969
365 1969
257 1969
160 1969
93 1969
59 1969
50 1969
50 1969
50 1969
46 1969
40 1969
33 1969
26 1969
19 1969
13 1969
8 1969
4 1969
1 1969
0 1969
0 1969
0 1969
0 1969
0 1969
0 1969
0 1969
0 1969
0 1969
0 1969
0 1969
0 1969
0 1969
0 1969
0 1969
0 1969
0 1969
1 1969
3 1969
5 1969
8 1969
12 1969
16 1969
20 1969
23 1969
24 1969
24 1969
24 1969
28 1969
44 1969
76 1969
121 1969
177 1969
235 1969
285 1969
321 1969
340 1969
345 1969
345 1969
347 1969
359 1969
387 1969
430 1969
491 1969
564 1969
640 1969
716 1969
779 1969
825 1969
849 1969
852 1969
848 1969
857 1942
898 1942
975 1942
1074 1942
1171 1942
1241 1942
1275 1942
1273 1942
1243 1959
1198 1959
1143 1959
1088 1959
1042 1959
1010 1959
995 1959
994 1959
998 1959
1000 1959
992 1959
968 1948
929 1948
870 1948
798 1948
722 1948
646 1948
582 1948
534 1948
508 1948
502 1948
502 1948
489 1948
444 1948
364 1948
264 1948
167 1948
97 1948
59 1948
45 1948
43 1948
43 1948
42 1948
39 1948
35 1948
31 1948
27 1948
23 1948
19 1948
15 1948
11 1948
7 1948
3 1948
1 1948
0 1948
0 1948
0 1948
0 1948
0 1948
0 1948
0 1948
0 1948
0 1948
0 1948
0 1948
0 1948
0 1948
0 1948
1 1948
3 1948
5 1948
7 1948
9 1948
11 1948
13 1948
14 1948
14 1948
14 1948
15 1948
22 1948
39 1948
69 1948
109 1948
152 1948
192 1948
224 1948
244 1948
254 1948
257 1948
257 1948
258 1948
265 1948
282 1948
312 1948
357 1948
413 1948
477 1948
541 1948
601 1948
649 1948
679 1948
690 1948
689 1948
689 1909
707 1909
759 1909
842 1909
939 1909
1024 1909
1078 1909
1091 1909
1069 1909
1029 1912
987 1912
951 1912
925 1912
911 1912
906 1912
906 1912
908 1912
908 1912
902 1912
886 1912
857 1912
813 1912
758 1912
695 1912
631 1912
570 1912
520 1912
488 1912
475 1912
474 1912
472 1912
452 1912
399 1912
316 1912
219 1912
133 1912
72 1912
42 1912
34 1912
34 1912
33 1912
29 1912
23 1912
17 1912
12 1912
9 1912
7 1912
6 1912
5 1912
4 1912
3 1912
2 1912
1 1912
0 1912
0 1912
0 1912
0 1912
0 1912
0 1912
0 1912
0 1912
0 1912
0 1912
0 1912
0 1912
0 1912
0 1912
0 1912
0 1912
0 1912
1 1912
2 1912
4 1912
6 1912
7 1912
7 1912
7 1912
7 1912
8 1912
12 1912
22 1912
39 1912
63 1912
93 1912
125 1912
155 1912
179 1912
193 1912
200 1912
201 1912
201 1912
204 1912
217 1912
245 1912
288 1912
344 1912
411 1912
481 1912
548 1912
606 1912
643 1912
659 1912
658 1912
659 1874
684 1874
745 1874
842 1874
950 1874
1046 1874
1106 1874
1126 1874
1115 1874
1091 1885
1063 1885
1039 1885
1021 1885
1009 1885
1004 1885
1003 1885
1006 1885
1008 1885
1006 1885
994 1884
966 1884
923 1884
867 1884
800 1884
730 1884
663 1884
605 1884
567 1884
550 1884
549 1884
546 1884
520 1884
459 1884
362 1884
254 1884
157 1884
93 1884
63 1884
57 1884
57 1884
55 1884
47 1884
35 1884
23 1884
14 1884
8 1884
4 1884
2 1884
1 1884
0 1884
0 1884
0 1884
0 1884
0 1884
0 1884
0 1884
0 1884
0 1884
0 1884
0 1884
0 1884
0 1884
0 1884
0 1884
0 1884
0 1884
0 1884
1 1884
2 1884
4 1884
6 1884
9 1884
12 1884
15 1884
17 1884
18 1884
18 1884
18 1884
22 1884
34 1884
58 1884
96 1884
144 1884
194 1884
239 1884
273 1884
295 1884
304 1884
306 1884
306 1884
310 1884
324 1884
356 1884
406 1884
473 1884
556 1884
642 1884
724 1884
793 1884
836 1884
854 1884
853 1884
852 1868
875 1868
937 1868
1033 1868
1145 1868
1245 1868
1308 1868
1330 1868
1314 1868
1276 1899
1230 1899
1188 1899
1156 1899
1136 1899
1127 1899
1127 1899
1132 1899
1136 1899
1134 1899
1120 1908
1088 1908
1038 1908
971 1908
888 1908
802 1908
719 1908
649 1908
604 1908
584 1908
582 1908
580 1908
554 1908
490 1908
393 1908
281 1908
181 1908
114 1908
80 1908
72 1908
72 1908
70 1908
62 1908
49 1908
35 1908
22 1908
13 1908
6 1908
2 1908
0 1908
0 1908
0 1908
0 1908
0 1908
0 1908
0 1908
0 1908
0 1908
0 1908
0 1908
0 1908
0 1908
0 1908
0 1908
0 1908
0 1908
0 1908
0 1908
1 1908
3 1908
5 1908
8 1908
12 1908
16 1908
20 1908
24 1908
26 1908
27 1908
27 1908
28 1908
35 1908
55 1908
91 1908
144 1908
205 1908
263 1908
311 1908
345 1908
362 1908
366 1908
366 1908
370 1908
386 1908
422 1908
478 1908
554 1908
640 1908
730 1908
812 1908
874 1908
912 1908
923 1908
919 1908
922 1896
954 1896
1023 1896
1125 1896
1232 1896
1318 1896
1370 1896
1383 1896
1366 1896
1330 1928
1281 1928
1228 1928
1179 1928
1140 1928
1112 1928
1099 1928
1098 1928
1100 1928
1097 1928
1081 1930
1045 1930
989 1930
913 1930
827 1930
737 1930
654 1930
590 1930
550 1930
536 1930
536 1930
529 1930
493 1930
420 1930
316 1930
208 1930
122 1930
69 1930
49 1930
46 1930
46 1930
42 1930
34 1930
25 1930
16 1930
10 1930
6 1930
3 1930
1 1930
0 1930
0 1930
0 1930
0 1930
0 1930
0 1930
0 1930
0 1930
0 1930
0 1930
0 1930
0 1930
0 1930
0 1930
0 1930
0 1930
0 1930
0 1930
0 1930
1 1930
3 1930
7 1930
12 1930
19 1930
27 1930
35 1930
43 1930
49 1930
53 1930
53 1930
53 1930
57 1930
73 1930
109 1930
165 1930
235 1930
305 1930
369 1930
419 1930
451 1930
467 1930
471 1930
471 1930
477 1930
501 1930
549 1930
629 1930
733 1930
853 1930
976 1930
1078 1930
1147 1930
1176 1930
1174 1930
1168 1939
1190 1939
1262 1939
1384 1939
1529 1939
1665 1939
1762 1939
1806 1939
1804 1939
1768 2005
1714 2005
1654 2005
1601 2005
1556 2005
1523 2005
1503 2005
1495 2005
1495 2005
1497 2005
1492 2005
1468 2035
1420 2035
1340 2035
1236 2035
1116 2035
992 2035
888 2035
815 2035
781 2035
776 2035
774 2035
744 2035
664 2035
536 2035
387 2035
251 2035
154 2035
106 2035
92 2035
92 2035
90 2035
80 2035
63 2035
44 2035
27 2035
15 2035
7 2035
3 2035
1 2035
0 2035
0 2035
0 2035
0 2035
0 2035
0 2035
0 2035
0 2035
0 2035
0 2035
0 2035
0 2035
0 2035
0 2035
0 2035
0 2035
0 2035
0 2035
0 2035
1 2035
3 2035
6 2035
10 2035
15 2035
21 2035
26 2035
31 2035
34 2035
34 2035
34 2035
36 2035
45 2035
67 2035
105 2035
153 2035
203 2035
251 2035
289 2035
313 2035
325 2035
328 2035
328 2035
331 2035
344 2035
374 2035
422 2035
489 2035
572 2035
658 2035
740 2035
808 2035
850 2035
863 2035
859 2035
857 2001
882 2001
947 2001
1048 2001
1164 2001
1261 2001
1320 2001
1339 2001
1323 2001
1285 2016
1238 2016
1192 2016
1150 2016
1119 2016
1102 2016
1097 2016
1102 2016
1109 2016
1112 2016
1103 2016
1075 2008
1027 2008
960 2008
877 2008
791 2008
708 2008
638 2008
593 2008
576 2008
575 2008
571 2008
541 2008
471 2008
367 2008
251 2008
154 2008
93 2008
65 2008
59 2008
59 2008
58 2008
54 2008
48 2008
41 2008
34 2008
27 2008
19 2008
12 2008
6 2008
2 2008
0 2008
0 2008
0 2008
0 2008
0 2008
0 2008
0 2008
0 2008
0 2008
0 2008
0 2008
0 2008
0 2008
0 2008
0 2008
0 2008
0 2008
1 2008
3 2008
7 2008
11 2008
15 2008
19 2008
23 2008
25 2008
25 2008
25 2008
