396 
537 
704 
856 
1009 
1148 
1587 
1892 
2194 
2497 
2961 
3549 
11259 
14868 
14877 
15321 
15609 
15910 
16221 
16517 
16817 
17113 
17253 
18595 
19034 
19184 
19333 
19468 
31365 
34642 
42286 
42296 
44220 
49494 
55537 
59217 
60894 
62109 
80531 
82522 
82976 
83113 
86646 
91418 
115759 
120334 
123223 
129661 
129809 
142569 
143920 
148748 
148890 
152539 
154819 
155900 
156378 
167564 
170025 
170033 
178427 
182706 
187999 
190254 
231228 
231383 
250412 
251939 
251948 
252254 
252410 
252565 
252707 
254698 
255606 
256073 
256082 
263257 
264652 
264801 
264957 
276378 
281323 
282699 
289334 
296811 
302272 
312638 
328236 
336844 
336855 
373717 
373726 
399585 
399594 
400063 
400072 
407709 
409269 
409278 
413295 
413446 
416081 
417455 
419461 
421640 
421649 
427881 
434474 
450927 
452501 
452510 
464177 
464185 
491120 
491128 
511191 
521220 
521824 
526395 
530521 
531763 
531771 
534967 
538636 
539693 
539844 
541822 
542263 
542716 
548491 
552408 
560124 
560565 
575014 
578639 
579236 
579246 
580134 
580145 
581321 
581473 
587238 
589286 
590470 
591055 
591207 
592536 
595666 
595815 
605355 
620560 
624746 
624754 
649456 
656518 
656526 
674636 
675829 
675837 
680090 
687022 
687305 
689986 
689994 
692486 
692774 
692928 
695456 
705173 
709996 
711661 
714363 
727850 
728758 
729071 
729079 
747711 
748322 
748621 
748921 
749217 
749516 
757732 
757741 
760251 
760391 
760562 
760729 
760878 
761036 
761194 
761353 
761658 
761669 
772385 
773004 
773307 
773606 
773903 
781635 
800377 
800563 
800717 
800871 
816962 
816971 
828089 
843730 
843893 
845019 
851260 
857310 
883026 
887934 
892907 
